467
723
154
390
1789
265
1944
561
1512
458
1645
533
336
865
580
228
283
325
708
249
488
1113
795
619
528
935
1010
383
806
142
2232
362
1992
996
213
718
274
1752
263
496
602
1688
304
266
528
737
919
539
637
569
223
1780
214
3298
2701
1019
193
275
547
457
394
348
430
1182
524
787
321
694
363
356
488
2613
921
871
574
1836
380
461
288
813
1299
507
414
430
1017
180
242
558
1292
506
654
516
427
1429
977
341
293
715
489
1455
247
1112
240
176
485
139
269
158
463
507
764
429
881
1543
633
1946
1783
305
1634
872
786
697
301
440
955
662
371
261
419
1071
998
383
339
481
914
350
2147
1093
493
586
252
235
1809
133
518
3855
2355
322
444
357
651
1141
95
1578
974
1049
547
808
709
1730
1482
1153
757
447
2021
767
519
1395
868
350
1216
3978
212
1380
810
504
314
1126
1012
492
598
1527
693
1315
1317
355
1651
852
342
1930
1738
2320
1328
1386
854
398
196
2004
820
1267
169
258
777
261
530
1537
1165
1711
1025
2397
935
565
886
480
882
324
739
3763
811
645
695
854
997
316
568
492
235
2497
357
376
531
287
650
328
443
290
1130
798
791
1056
2621
353
310
352
639
1135
722
847
490
1124
241
338
827
1970
2113
309
1360
327
595
918
215
1308
3088
1045
820
1313
1431
1050
2375
544
315
578
298
2274
345
1434
585
1164
528
1000
296
225
760
500
2920
522
204
327
407
673
1774
1607
8057
390
609
504
500
787
900
265
408
548
766
259
130
690
1250
779
3088
1720
315
869
192
639
325
604
930
434
692
893
502
570
1503
1835
467
222
729
3982
3473
585
292
1030
307
630
723
515
1563
894
187
198
254
341
277
667
650
247
408
124
404
240
458
367
1075
301
524
1119
472
486
700
728
2384
1008
787
305
2500
757
426
307
966
253
709
329
777
1377
176
176
333
3215
1696
682
917
328
406
874
336
588
292
813
747
301
305
127
245
1168
322
599
1258
692
197
484
588
730
714
425
329
1857
560
582
185
754
203
395
383
1340
297
496
514
199
1539
2474
1652
345
348
508
711
563
282
2419
524
378
426
798
377
450
709
2668
220
717
179
941
404
307
360
623
440
891
3329
147
131
6678
697
322
335
2472
246
504
647
1291
1214
323
788
1182
598
873
400
962
496
181
345
808
2547
822
959
577
282
1087
639
923
2566
444
386
874
639
295
325
447
800
314
437
522
1276
1843
1193
722
270
595
691
666
294
417
972
914
642
308
1089
194
1703
793
253
341
1383
416
124
92
505
381
878
404
489
385
1322
380
1436
722
806
314
994
1346
810
681
1178
418
404
333
469
331
1923
1756
132
3098
149
1003
228
678
300
551
2741
450
1455
495
170
495
482
428
535
389
2498
132
2940
1069
3203
442
656
923
775
222
192
287
170
939
1259
550
821
219
2659
850
744
238
121
650
737
1038
283
719
550
285
389
268
189
761
102
2496
1760
591
2249
347
303
924
197
728
176
2436
1448
851
1713
1621
375
616
937
178
843
476
465
237
292
359
2186
629
1011
203
539
238
3794
400
1111
146
519
706
988
445
438
3807
260
993
710
351
1442
423
1009
831
778
384
1501
795
87
1124
577
318
1005
750
2295
715
1422
2740
806
1043
694
1204
1080
582
616
290
609
1006
284
991
682
127
1585
539
1000
508
1716
506
339
518
440
1116
402
730
1609
386
234
656
903
698
662
366
2364
178
959
1169
2739
368
3116
618
1996
372
711
838
1170
1029
2034
1311
582
729
625
773
482
506
1448
2143
679
458
300
1165
548
773
1613
338
358
1104
1020
1385
251
1167
286
619
463
209
345
490
845
525
857
1225
819
423
1020
421
373
209
287
297
330
644
833
236
333
413
384
1099
274
458
1052
242
316
550
376
746
381
666
539
1057
365
628
205
953
1145
444
1750
376
317
359
450
816
910
445
442
517
203
401
414
387
949
615
8840
208
779
1520
2295
2265
1022
801
1473
1023
1490
757
993
2298
2274
748
832
416
891
1079
660
390
264
763
503
369
1535
435
137
223
1362
734
146
501
1999
5822
304
799
277
336
464
309
580
588
775
3454
720
565
741
1541
857
709
589
2243
822
315
476
1177
651
983
2520
1737
319
1840
352
335
643
591
1904
514
402
1481
1652
4492
1204
579
366
1534
681
710
287
620
1112
699
506
2105
1839
323
317
470
1260
754
725
647
290
844
294
529
818
790
607
827
331
633
1431
1219
1144
232
464
462
996
274
835
431
1013
459
1274
165
829
368
1119
725
497
648
795
145
1034
940
716
315
560
428
955
564
519
3316
423
144
738
593
745
1400
240
456
615
212
1990
179
623
245
1178
598
805
259
1091
1368
475
168
396
353
641
174
362
534
525
461
265
2411
830
164
302
1472
282
557
1959
259
193
301
476
201
229
2999
1384
663
2405
859
1413
95
652
1606
580
245
683
688
1295
818
3196
409
210
445
723
1390
300
528
1838
613
603
1139
982
1022
1071
650
912
1143
637
353
670
500
1101
617
259
869
747
226
110
2227
618
3702
900
153
602
884
310
522
299
533
364
320
4730
196
799
570
731
687
2146
490
266
353
412
1223
342
195
923
863
353
474
146
319
747
688
589
756
449
217
335
489
292
215
173
347
298
1179
1115
631
370
489
1192
572
668
742
1716
522
178
3254
926
398
425
399
465
1459
972
260
385
338
412
1518
559
606
365
534
642
877
244
1101
267
511
315
794
286
2088
947
3680
525
1434
434
587
1537
907
349
204
2171
2433
1673
482
229
926
1502
1008
240
1580
742
177
612
147
361
399
409
1118
300
530
317
858
578
929
425
1069
889
372
543
671
1742
1148
612
350
454
1163
1278
210
896
580
276
502
954
493
354
3639
595
1801
2074
120
488
131
202
3113
367
474
1337
1424
988
4490
829
1259
903
3387
252
316
2983
287
295
2025
268
412
182
885
714
1134
394
1092
333
1648
441
634
1289
503
204
1095
1441
447
384
832
516
547
938
853
740
726
1393
828
1096
367
866
248
919
683
749
941
3826
330
415
888
1106
1403
425
1312
342
1726
495
1205
456
2238
645
528
228
948
1310
1569
863
1356
122
669
2459
2017
225
307
1217
331
933
513
472
223
793
192
842
805
397
343
315
448
505
576
414
278
712
650
340
591
237
830
1937
648
688
728
339
103
2011
662
1018
1143
386
836
361
210
2926
169
3487
200
124
1774
327
249
261
2037
668
357
496
643
647
473
203
58
1572
682
1413
509
393
791
4492
398
448
107
499
1266
1149
1571
1420
447
319
150
228
748
532
2744
2821
322
1031
360
772
479
203
1027
3224
516
835
353
802
714
340
1520
1412
3578
564
1409
877
342
1429
523
1865
3316
232
632
1765
325
375
856
603
621
585
402
226
1003
1068
350
1311
1134
752
417
363
668
573
1146
474
338
419
431
823
1216
975
887
686
1037
161
839
306
381
270
304
351
205
299
1520
461
503
585
2501
349
611
423
1069
744
784
326
1048
553
2198
619
344
845
871
3605
316
263
389
648
1060
1161
397
694
1324
339
1292
427
1010
409
935
972
281
900
915
85
1299
614
728
431
789
109
619
339
409
581
262
1057
367
1856
992
181
789
548
1268
594
1174
1398
290
180
326
765
172
837
1066
540
509
473
313
1663
389
2266
751
930
2047
237
297
673
600
1342
1368
688
761
954
620
186
160
2121
1563
349
234
1595
302
886
2606
820
946
752
786
274
1401
826
778
805
1663
628
768
211
475
1309
444
1939
1179
313
546
702
100
3183
147
561
143
1166
1252
1149
679
671
668
652
345
879
285
650
516
661
200
2307
683
228
905
988
243
411
2313
423
104
3046
1710
473
1736
795
616
386
557
5652
1500
2220
906
3984
1540
367
1547
374
3331
455
723
202
304
295
585
2295
926
257
1274
396
325
760
1172
996
619
478
2339
768
705
1273
552
278
660
1439
1194
172
586
416
958
317
630
3025
281
1340
7519
1689
198
1198
321
280
134
880
970
226
324
1094
413
658
593
1350
1122
429
1060
1890
401
454
8091
159
173
708
2343
1230
208
407
529
217
245
112
425
1916
184
148
711
696
495
502
1236
313
931
3819
244
331
978
316
441
323
436
1014
249
164
1969
2934
478
1707
367
431
296
876
1192
126
755
524
216
748
526
566
118
554
351
589
320
68
258
1427
1055
1314
582
652
475
270
750
389
2696
78
478
477
2178
4201
390
582
997
970
1288
635
513
558
1031
825
2143
1748
309
420
343
3775
403
1723
580
583
423
837
475
589
104
369
354
1457
1951
1603
714
446
906
858
911
661
327
364
252
433
260
238
754
152
237
792
659
660
691
298
381
233
323
622
605
450
956
1528
1571
1708
470
1975
302
157
1932
155
697
553
157
276
597
866
268
2301
1329
135
793
627
496
487
812
758
395
2233
3655
630
757
4223
282
600
246
410
531
1413
543
362
1014
1465
695
3672
173
1350
1944
5095
327
164
406
739
902
242
915
516
1773
759
368
234
169
668
235
376
412
402
1768
892
503
1364
324
448
951
693
1846
646
1698
882
254
1022
1693
260
327
558
1221
797
2638
1106
2486
1143
1472
1941
345
820
363
265
716
506
660
1696
266
827
708
1863
492
900
1040
222
1236
193
2245
1243
1019
244
310
277
1137
429
299
1143
1015
1133
705
2329
995
860
519
544
767
444
432
1013
899
340
584
347
946
234
1122
320
576
548
1782
627
210
1802
228
718
262
746
366
505
680
383
455
286
2697
896
484
381
2408
985
571
419
387
2430
724
302
248
133
620
485
260
858
318
1793
663
6194
227
513
343
595
405
2234
675
703
565
371
1424
162
1763
388
900
656
855
733
1143
642
924
1930
698
329
281
1028
606
731
1792
925
763
1718
766
133
381
421
735
1283
419
252
272
6580
355
193
1799
527
1681
855
970
1410
525
153
414
320
505
1494
225
608
1005
1459
621
327
310
1541
1494
514
218
2236
2041
464
769
984
297
184
622
630
938
595
2032
546
2564
338
487
620
1450
428
340
1781
637
1429
673
488
663
4963
497
428
176
322
890
1086
366
412
968
423
987
1123
212
223
773
679
1527
2759
2579
369
1334
1662
215
680
220
831
146
239
513
293
199
713
581
3054
908
371
570
836
489
1033
652
534
116
247
739
1270
555
269
210
185
553
338
521
1630
620
3579
1864
1103
1124
349
149
2551
1212
638
717
494
252
241
821
4059
446
769
477
217
932
371
342
304
625
498
951
453
1079
167
127
1967
502
789
519
590
731
516
334
2075
541
175
1120
600
2331
513
388
529
237
311
695
605
962
142
344
2836
530
1527
501
517
293
660
4224
643
243
260
222
9198
2129
1943
432
630
800
1822
4174
1126
759
127
435
2286
1459
1804
206
658
1316
345
332
2178
967
1032
625
1625
756
322
673
521
89
574
462
582
138
697
669
114
360
356
596
837
151
908
472
161
383
382
861
239
160
1015
1135
326
396
580
502
525
473
1496
613
535
957
241
765
727
6879
215
2076
409
299
875
899
753
909
328
637
180
608
605
2752
594
1354
1720
2152
341
408
228
616
262
614
512
2283
557
320
1232
893
342
1639
173
542
679
534
528
257
565
3792
410
572
668
2255
464
3275
715
575
314
470
352
550
1512
93
630
670
294
1657
770
190
360
1665
741
341
366
147
416
391
550
407
1027
168
1650
179
2108
548
569
889
806
974
526
3049
196
722
356
485
1144
153
255
380
208
1191
675
1410
505
599
740
769
451
624
187
494
1492
1322
551
652
1174
370
667
649
322
492
253
273
1851
140
327
182
405
376
127
403
313
4021
1135
2380
720
312
2610
691
469
1873
205
102
451
596
885
3402
2933
454
761
388
2103
687
203
250
503
1518
205
695
512
380
1184
519
286
2280
1178
462
124
239
1150
440
375
186
1455
582
938
805
279
417
688
364
345
549
514
168
358
573
236
342
503
703
156
340
403
1252
155
773
257
283
249
476
1124
930
3996
411
1531
437
122
352
1909
2898
578
151
903
268
756
679
2690
626
751
436
1024
2609
497
1252
458
420
371
561
571
3915
214
333
270
517
2468
1767
480
328
365
2927
688
351
3041
1255
3640
2670
860
752
224
588
246
843
1435
525
749
335
472
203
624
366
667
795
843
656
367
339
743
411
792
605
676
567
996
744
163
160
477
392
1327
1489
1855
149
2161
927
1063
308
202
232
341
192
730
413
1208
1947
490
274
384
311
1393
347
2275
952
1156
817
613
1225
458
662
834
186
537
1574
239
231
615
1389
476
280
649
827
2132
2870
480
861
1080
276
1478
369
654
5875
530
1595
422
4273
806
920
627
619
245
685
387
346
264
1328
521
444
284
532
1887
251
373
447
682
763
370
977
208
638
1448
562
1179
388
529
1901
297
188
3428
682
806
1239
509
1175
799
308
1089
466
302
756
339
296
259
1732
466
409
1831
783
755
710
568
560
330
348
410
665
605
107
407
230
547
1355
179
239
1062
1882
856
520
492
408
1206
480
1105
873
1487
1019
674
359
326
1040
1027
1580
1269
912
210
816
228
207
139
343
321
132
552
1251
1673
852
1107
383
613
662
1057
473
1236
2106
710
576
795
338
374
224
95
397
820
567
836
295
394
392
517
4962
309
894
1227
591
2212
2117
457
1052
410
352
901
2402
888
719
698
1161
571
512
1113
202
1049
2159
724
1464
791
306
283
354
496
199
901
889
366
402
320
172
1370
191
262
1378
658
481
200
888
1070
132
704
2513
467
189
557
1239
1800
1486
675
713
434
1984
394
889
1084
495
389
516
1200
409
336
379
613
95
462
331
230
311
484
8489
313
461
2671
576
913
912
258
692
395
577
354
883
1201
582
262
696
2023
817
867
288
547
716
904
1095
687
1566
1495
231
498
612
410
539
1075
660
737
463
219
368
992
222
476
715
767
1119
170
565
249
183
1148
514
241
662
263
388
999
214
517
1200
520
1737
794
788
1458
472
2744
1171
383
449
822
304
549
924
364
690
318
902
1945
382
155
231
447
1108
276
2300
146
1303
622
529
1967
586
999
254
321
835
834
1267
567
911
347
914
972
1377
709
719
381
346
522
474
405
340
394
2343
568
757
1671
329
694
1244
1010
888
518
464
963
1162
251
932
667
1470
478
1462
398
425
381
484
231
302
479
926
535
1276
632
582
220
281
612
827
921
452
711
160
1287
354
4878
258
634
233
562
399
617
844
404
800
750
1533
1205
451
1210
753
914
478
1018
237
567
288
967
278
563
1224
1495
556
1196
223
2066
1334
335
826
488
1124
1642
1065
655
801
402
400
145
1048
630
1289
399
591
164
760
457
259
182
1403
147
668
253
1430
701
361
2289
266
1009
893
185
530
515
159
1893
2447
347
457
2388
654
659
488
296
354
455
427
896
395
695
1539
604
356
727
612
595
836
722
1252
802
2801
281
536
331
508
3274
347
736
537
348
445
587
1044
400
204
380
156
520
283
4285
638
105
596
117
721
1399
343
408
1121
401
639
1219
413
1784
451
420
196
425
914
418
665
424
462
164
316
838
925
177
850
1197
645
721
488
242
595
191
750
478
510
991
413
475
540
156
912
401
358
2966
507
594
427
554
1010
727
263
479
192
921
412
1086
270
1785
267
544
295
617
551
980
605
933
724
2333
421
1150
644
1179
1999
405
1106
916
287
1212
209
638
845
901
355
588
1454
697
752
818
6526
624
437
2763
1521
1006
846
814
1240
324
446
504
471
371
850
284
651
133
2830
536
543
382
339
1025
1394
733
268
1310
425
3268
447
1813
2792
1071
1088
653
1472
391
667
321
4105
303
385
524
427
511
360
516
2090
642
2649
385
417
561
528
1047
249
371
555
591
1472
414
179
930
1157
1565
905
331
2672
786
902
585
655
469
969
3992
1647
160
396
1463
213
1147
566
249
567
297
363
806
761
1573
1728
681
881
770
828
710
273
189
552
1373
693
872
721
766
1892
893
412
924
191
1156
1020
1406
600
1162
896
304
3386
552
511
176
155
992
1123
225
252
1735
530
324
2797
406
502
1500
546
906
2414
2731
950
719
3366
489
1495
408
261
906
210
262
2592
880
1322
238
332
575
355
354
2260
1138
643
258
7143
1433
892
377
162
351
278
391
873
1259
407
540
876
876
1270
658
443
176
1347
386
1319
304
502
730
971
420
642
487
899
863
259
509
659
319
2141
326
186
428
819
2188
696
333
1292
627
599
612
233
1714
329
546
780
1581
1789
859
180
842
210
806
182
325
736
769
4415
417
314
512
846
618
426
223
441
551
900
360
811
444
1104
149
1240
717
3718
1408
1286
252
238
211
1083
306
1455
503
517
695
227
234
1150
208
205
1134
1040
606
1046
1519
228
202
1208
444
1215
514
188
957
939
415
410
659
2278
149
735
195
614
4434
114
170
218
980
262
296
201
4136
1209
330
670
1079
507
351
153
369
1514
1273
1024
434
4475
1563
406
274
529
92
1550
309
224
2487
627
436
503
150
378
208
712
562
1107
519
3673
256
755
424
332
561
216
1408
470
245
1134
1490
1060
312
619
199
395
120
2509
346
562
448
2533
887
2419
362
328
127
1037
1101
679
217
848
355
238
208
377
1080
658
946
1672
128
107
1379
871
451
2261
479
167
1292
504
1202
585
452
3393
1695
203
370
222
373
661
492
1051
1385
675
532
626
461
144
615
733
695
388
6078
541
362
177
637
272
320
413
432
1745
340
635
362
2048
745
411
1705
676
434
1750
516
289
446
857
400
309
245
1320
1014
929
185
1718
1496
1098
575
3230
1467
468
293
448
515
1375
1178
1400
1181
459
305
540
293
661
598
749
911
921
794
1245
1059
400
141
895
229
2032
333
664
1669
780
154
746
2088
228
373
598
362
220
1188
938
846
865
2440
194
363
902
2067
337
1290
1688
1018
1951
460
1255
1770
685
783
713
312
1296
1425
564
429
348
460
200
721
2212
391
206
218
551
637
488
648
1578
332
731
226
771
676
809
433
579
439
586
1027
1080
621
379
199
528
555
1560
237
585
352
340
282
842
454
455
843
550
1412
245
2067
687
1575
347
880
3653
567
905
1287
284
1128
653
717
1360
781
670
164
646
197
490
577
978
305
171
1178
261
570
1580
124
682
586
719
1376
200
834
814
860
895
767
349
931
212
242
374
1201
687
1232
910
308
288
192
1090
343
254
262
378
176
913
1180
917
1136
96
433
733
293
599
441
1179
644
408
679
407
246
566
439
269
271
207
117
1804
367
263
1336
326
394
1810
2547
191
1895
206
1681
734
373
1173
305
565
336
649
297
1133
692
167
726
1411
290
481
1665
456
135
919
952
707
3929
2184
944
318
108
339
1422
2027
1400
583
748
180
236
212
263
410
752
1276
391
360
170
1027
1326
1863
865
1417
2506
413
3271
468
517
533
794
1406
549
263
960
444
715
313
733
361
578
1195
282
283
803
626
238
354
638
564
380
486
1031
862
237
310
302
1140
1528
1378
486
385
293
3301
249
480
750
432
263
396
560
1054
280
452
128
1160
638
1284
480
837
902
633
220
865
3397
578
331
650
1072
1088
340
182
865
2446
827
849
1017
3706
609
437
276
649
225
2300
2315
1277
247
892
940
905
396
484
431
641
490
462
440
183
225
2724
759
448
1254
1066
415
530
602
442
917
383
637
171
626
2554
605
2345
274
215
1830
1589
1663
707
1157
194
291
966
274
835
595
290
553
237
331
586
1124
421
305
190
1189
152
431
447
266
497
1498
885
835
545
7387
460
346
460
397
2393
1728
442
237
97
377
1019
514
683
500
1475
165
1053
351
201
1085
1321
433
432
158
4215
1069
215
347
1038
1007
2409
998
278
1322
212
1013
316
558
875
591
205
113
729
516
277
741
631
356
342
622
565
382
534
465
309
328
1518
903
727
327
436
564
875
611
921
168
501
537
792
332
235
1695
1074
1438
1039
465
2329
326
522
616
243
1532
273
882
481
264
1793
644
782
604
540
236
626
348
1863
1881
732
743
375
805
1820
342
952
1087
563
2013
630
1281
719
655
1096
2805
699
499
752
467
1030
367
408
1714
1376
876
483
738
977
1072
526
1465
238
718
661
1612
236
1513
906
624
559
2900
223
1004
180
1269
164
837
429
522
741
3758
447
154
2576
787
243
544
380
235
345
3845
485
243
731
4008
490
968
1087
445
462
1162
1003
478
1179
423
493
349
415
398
633
357
813
257
167
6143
372
750
781
270
238
1118
627
3599
737
1709
429
528
1581
981
2433
556
208
668
1287
136
1009
360
531
250
642
1172
510
852
162
2053
2280
889
678
118
342
391
1446
316
1355
1038
278
340
510
1406
296
3064
588
3464
483
308
960
602
837
598
1203
660
3987
173
720
334
415
271
703
952
687
219
1474
379
687
136
1023
719
413
1644
997
442
551
612
504
327
361
420
786
403
2007
853
424
1288
314
678
698
1570
421
424
119
205
2419
634
194
384
752
493
704
334
1038
506
534
303
88
1401
1557
537
428
504
1343
498
1270
631
258
1933
182
217
886
957
279
639
374
515
2036
898
157
415
1552
196
1208
129
394
644
186
282
400
278
1750
495
523
512
1340
871
339
275
3351
642
177
372
1101
588
144
278
2908
391
592
336
395
359
1276
689
253
256
381
2442
453
258
223
1042
1640
1059
4988
672
1449
256
1572
268
390
493
3494
212
91
404
329
252
981
420
315
1112
785
680
384
1499
364
748
955
369
3430
723
327
757
1569
337
300
410
514
822
328
578
603
444
240
420
409
675
1005
300
334
208
2440
855
432
1047
1029
212
427
1049
612
1965
1832
298
194
537
1003
221
1108
134
727
278
1503
93
408
108
524
1181
815
263
690
398
737
770
640
160
2392
455
272
1036
948
429
1051
1169
887
149
268
1142
1578
1277
2102
982
937
514
2515
675
1144
1565
2330
382
974
176
1396
274
228
306
1027
763
408
226
95
770
2698
654
1124
397
267
920
1862
4406
2332
4058
928
1760
546
759
287
915
1031
546
559
1040
2637
157
357
700
299
697
202
579
782
761
268
311
1045
621
399
337
404
490
1429
233
119
287
972
535
1319
200
1053
356
688
6092
1004
1233
2697
975
1608
3710
732
352
314
455
5481
1037
1183
544
411
939
303
539
1228
2005
1033
673
836
2675
148
1865
655
866
478
338
652
723
1036
205
1133
217
635
249
1061
692
931
509
1422
578
1383
249
1537
701
552
277
259
389
507
485
359
756
1620
1250
290
1632
345
189
875
1890
445
930
471
240
223
600
141
294
551
149
734
1058
591
228
1083
575
594
1001
176
539
1480
510
165
487
1207
406
3836
923
1471
400
213
201
1388
1294
198
2062
598
164
364
361
328
371
1226
1996
1258
1735
330
1024
375
625
627
1458
507
379
358
246
1379
185
2204
224
1461
272
967
1602
636
492
375
654
345
695
1368
412
283
533
255
2116
427
5256
185
2324
1379
86
673
720
314
309
388
147
172
521
4780
526
270
1568
288
559
683
197
411
492
722
282
1495
642
421
371
606
1201
256
451
405
1221
1025
1205
1099
147
386
548
1262
607
660
2027
791
663
553
933
1000
533
3570
209
699
2535
1799
763
882
519
1525
322
459
286
320
1792
889
1035
5020
1402
537
238
584
210
1043
1495
1323
586
204
754
547
393
314
570
629
204
647
472
1416
559
310
217
273
3917
4386
251
456
287
614
515
365
528
174
519
387
2739
1213
1508
687
3248
2967
1056
1285
256
98
1843
385
275
953
453
307
550
183
1493
1599
383
902
387
450
1338
525
322
1500
324
456
757
332
1459
1056
237
578
580
1307
1463
321
763
203
1600
253
1192
454
391
811
438
241
1182
897
169
704
709
778
263
1075
354
640
1015
476
683
1588
3329
373
577
283
295
868
1337
323
272
2209
1875
1121
989
841
524
368
1082
563
446
676
427
624
160
1478
1754
328
922
1150
888
1265
1906
815
719
906
1885
303
90
386
883
352
1142
445
691
207
752
3601
3204
1863
553
1332
664
734
363
89
582
153
1347
359
623
379
1867
170
525
891
747
1693
1449
931
479
1276
277
169
1886
441
826
135
597
556
603
808
1003
453
401
326
254
1051
1107
2650
875
383
3844
245
696
1338
553
383
759
853
959
899
181
864
173
354
362
297
744
1016
224
678
504
526
165
571
972
1150
373
285
940
537
769
408
491
1103
934
202
364
850
1603
993
332
1836
515
461
354
607
479
559
1458
1088
992
2467
1525
6346
2000
2034
754
1658
379
994
610
178
451
1043
874
895
3319
611
179
496
800
117
1529
835
370
671
461
87
1102
1012
750
935
130
600
673
275
428
1902
876
1330
151
943
180
1235
1956
563
722
479
777
188
756
864
247
1907
2096
4906
270
615
2152
2877
184
876
641
169
209
1100
347
151
2397
418
293
465
488
1053
616
904
422
479
103
2485
224
1827
2133
603
160
816
1159
467
523
728
663
2002
618
446
542
1431
716
2269
1176
320
204
1288
225
569
448
513
322
1000
582
450
435
539
263
298
2017
339
725
1344
800
954
373
1969
331
889
191
967
245
256
1915
2770
1538
554
494
1295
476
1909
478
928
363
822
429
792
208
1942
113
504
720
1338
840
244
377
313
6162
184
315
652
285
1732
625
554
615
1012
288
755
512
579
605
1002
518
461
1399
1123
303
193
1383
738
596
225
384
278
210
744
641
817
326
673
453
858
232
250
207
565
756
858
529
668
483
436
1350
813
406
3655
1842
493
1034
670
523
2244
264
470
3276
1020
1419
2767
801
290
1319
1445
345
979
500
868
865
687
249
559
614
990
500
237
959
743
400
294
616
647
1365
185
915
166
5022
695
559
1287
604
948
514
320
266
713
622
1722
443
696
459
921
958
449
254
554
601
1207
1618
2294
459
251
468
231
351
734
3332
557
103
637
613
232
321
313
753
329
709
978
430
370
634
1047
335
227
1272
621
443
778
574
3496
1495
886
554
1372
480
234
290
325
562
1051
421
1845
365
317
407
200
574
1917
220
163
245
293
910
667
532
488
793
307
1316
880
492
593
328
734
453
290
1678
710
880
3184
518
615
1554
509
1314
1135
329
834
719
550
513
185
2378
180
788
478
1116
349
176
2020
598
268
403
503
1254
619
599
384
429
506
546
494
1745
434
1706
257
388
292
856
611
301
2228
902
726
755
442
755
319
438
1201
2130
775
410
240
2204
760
692
1434
2671
504
544
1322
822
549
595
375
755
439
1008
2057
1663
1927
185
472
632
1250
329
906
440
571
273
344
696
1134
253
346
1319
1112
1019
412
365
1334
1004
647
138
471
1054
340
353
427
1231
1970
1182
246
259
244
675
258
2087
954
872
142
267
615
689
314
484
866
318
884
682
223
925
2434
239
1477
1710
1428
606
410
114
406
352
531
362
1586
1130
2921
451
390
746
315
1083
1094
339
766
614
448
284
420
364
295
207
1402
317
281
250
5703
3308
302
294
705
668
1270
527
1273
1327
382
795
543
415
829
3223
291
777
303
219
1019
866
497
4273
248
583
284
1109
468
3466
253
308
1798
995
352
378
310
2075
332
1575
242
812
710
629
1848
550
715
370
1956
253
935
160
1399
510
960
713
1547
848
821
1273
732
1668
915
181
1162
618
286
250
237
617
371
621
573
1274
1382
401
895
364
1213
891
1453
641
443
682
565
1015
604
1115
2352
407
536
311
609
396
334
300
213
183
202
126
340
905
660
327
2378
289
876
410
328
385
1216
329
3382
979
735
215
888
1957
721
942
156
318
1361
370
390
972
706
1106
1169
781
344
346
343
548
530
584
439
264
300
947
963
265
200
572
244
414
1567
521
405
351
294
701
599
2083
499
1141
891
363
649
593
581
2781
3265
235
1206
524
763
5846
486
737
2029
401
209
426
837
583
493
215
4092
479
1634
413
408
239
896
654
585
395
1239
491
314
192
494
364
336
471
117
593
853
664
415
680
4217
2328
214
218
645
1911
244
706
550
497
1595
279
1073
1873
1603
1297
912
795
1253
506
487
1447
177
1425
116
175
780
783
939
1070
453
753
271
1165
509
447
169
481
229
260
480
1229
309
190
1373
1962
330
1131
344
397
305
1250
1155
361
493
1135
722
575
413
458
611
875
1536
2231
3516
997
301
356
185
767
224
232
1224
392
245
749
326
460
571
425
692
1230
1144
664
1634
800
187
274
203
1114
471
1392
148
346
466
1753
1402
289
957
544
368
121
572
125
330
1038
330
1610
273
398
939
288
465
807
170
994
672
556
563
2331
2606
828
205
607
423
839
2624
1195
911
334
297
3275
809
4367
811
990
715
552
2122
1111
736
530
1715
330
2676
984
348
164
1183
804
201
115
456
1045
484
941
284
308
897
892
898
676
254
838
6698
1187
313
766
1306
1455
1005
2258
380
490
927
406
1230
745
513
1110
720
296
517
228
950
594
437
820
624
3120
1013
917
773
271
237
924
1128
929
950
167
1952
444
669
782
1158
677
511
235
1336
1020
4043
603
563
308
628
1156
1011
946
1679
281
530
294
488
2007
144
820
734
245
185
494
259
576
335
517
322
452
352
181
3768
402
450
1017
553
1405
229
314
1275
388
531
746
117
1073
1490
258
507
773
408
425
602
815
1261
518
636
761
306
854
1055
462
3420
1030
872
1963
1828
251
852
296
2530
790
651
490
1841
1616
1446
837
757
1213
308
167
548
765
1056
1540
261
320
400
2021
1246
249
484
401
472
245
2138
682
470
234
425
386
236
578
601
1839
626
923
406
966
2172
628
106
758
603
795
335
261
349
673
520
243
724
720
261
800
1981
425
409
1304
680
557
176
1011
650
501
329
510
458
585
711
1003
801
1150
321
281
702
313
368
1145
615
555
255
506
902
168
295
169
371
1534
1676
1442
852
961
474
517
306
831
212
1069
489
1959
1072
2580
195
738
407
1560
1109
1090
497
329
622
2537
139
2465
404
671
311
1006
899
1008
523
1776
960
1885
584
271
745
351
259
1428
489
700
463
400
3244
1008
749
3163
1074
1846
361
1022
213
1489
1133
425
494
585
642
762
328
892
134
447
1178
776
2419
2512
2653
284
1834
804
382
609
889
584
623
1833
672
258
192
298
848
340
1354
343
2982
323
931
2486
561
646
492
1968
377
1147
2120
268
458
1047
798
720
1478
282
442
614
260
570
1697
2001
2458
187
352
225
277
553
643
2124
558
1540
251
346
938
736
749
719
500
3496
639
332
765
171
727
569
837
121
226
1368
349
358
1988
5956
303
351
496
489
1169
889
536
2430
799
89
1113
671
1058
139
209
714
746
814
1494
667
575
599
275
2008
1787
325
981
1744
339
350
618
147
199
506
179
882
198
1236
2093
434
336
645
1043
560
1901
292
353
992
593
932
458
949
668
243
937
1081
1226
371
900
423
387
460
284
2251
620
542
1175
2263
367
289
953
638
2193
200
318
3490
336
1679
525
812
2550
430
918
1193
458
398
385
737
338
310
292
1478
1568
552
1864
269
1195
599
930
215
137
241
462
347
442
578
1061
2185
419
406
222
3328
355
1255
2749
646
1657
618
367
805
682
1019
394
525
616
199
776
636
340
582
5346
607
386
1125
493
619
794
606
440
234
730
582
939
2230
1637
111
2606
381
2028
206
1023
1494
735
366
237
498
919
1599
680
142
870
1153
907
892
185
269
437
728
738
1254
521
1606
1947
1239
369
497
646
1004
1152
637
2257
489
369
1071
553
338
339
345
337
369
304
291
403
699
869
424
674
872
619
1123
1232
1146
2314
447
1260
903
2735
331
877
1162
381
531
485
716
542
328
602
446
649
1047
552
414
1660
1559
335
605
622
319
284
553
1712
549
558
1075
1309
612
1108
397
1429
482
790
475
422
2761
590
1622
3314
214
351
526
250
371
690
285
290
581
460
437
234
477
1151
446
1459
240
642
287
840
536
380
3448
184
1251
785
209
516
395
353
567
401
832
199
416
983
537
695
3030
500
907
232
258
681
585
495
1825
4030
350
570
470
347
805
1630
972
480
496
3902
1255
742
5276
753
439
271
482
759
264
105
650
776
516
1139
1719
500
881
1386
416
254
220
376
296
647
769
218
956
314
463
580
1030
1559
1158
4376
1802
484
2344
562
3514
493
565
839
236
844
317
1151
414
178
1018
2820
684
1032
891
457
114
387
455
1303
271
207
446
615
484
705
2006
390
139
2857
927
664
335
259
488
435
504
794
133
525
566
273
829
517
307
110
1263
427
614
437
146
1607
680
1146
446
239
5795
169
1888
693
1200
431
743
168
432
360
837
350
381
211
323
145
1378
228
702
282
276
987
999
236
703
279
312
1436
1152
723
394
557
599
617
1089
404
417
637
717
155
822
154
488
543
2623
822
434
605
648
640
1424
323
349
1392
268
212
372
406
331
976
1901
1576
1992
364
824
102
279
834
293
1763
2175
464
650
254
805
830
406
890
872
402
188
1202
1795
492
385
223
3568
2099
352
2484
164
671
669
1945
1017
405
1070
834
486
330
518
1056
309
231
2409
834
332
978
1786
2346
193
319
279
172
256
240
1662
245
468
743
9459
786
518
378
644
349
971
370
200
822
671
460
368
827
1748
1242
444
1658
737
3737
303
395
2010
1703
779
2739
767
1936
1424
1407
564
940
509
2097
300
384
633
489
1017
260
751
602
477
436
647
1157
269
697
306
542
1097
761
437
576
133
422
1273
594
350
231
1192
712
682
1206
628
159
773
885
2138
1454
477
266
6042
1808
457
388
384
792
3150
788
335
309
685
883
1149
703
699
200
1889
1202
604
576
553
456
1636
443
1609
206
1329
463
790
362
1304
1945
1056
311
346
665
606
390
1740
218
214
279
677
2155
2043
1952
291
303
3785
1260
900
3255
355
1545
787
295
529
510
212
1282
1784
5542
875
2318
513
968
1233
1583
2478
281
1656
748
185
347
334
1040
655
451
216
773
647
842
554
641
899
813
1338
1118
1298
1246
317
1114
463
2575
1215
473
1600
885
1193
783
274
251
255
1415
340
395
1460
671
485
334
254
3221
382
589
658
1260
2117
551
1030
222
484
1210
789
704
748
1112
143
969
1291
716
2880
257
1825
382
4203
150
353
1008
103
362
1163
1856
1807
229
1365
1331
1408
5078
2205
417
1198
1225
788
194
229
242
606
184
683
375
700
457
151
754
274
241
1425
646
153
739
2333
1202
1150
798
256
1024
433
998
1408
222
963
561
593
1090
2786
889
856
739
230
976
308
1234
2096
2381
308
876
1835
1335
284
601
325
248
599
1003
439
308
1201
818
782
389
541
754
204
377
468
482
1269
444
207
650
330
1080
5294
3032
237
541
914
1931
312
144
434
369
266
429
1025
611
418
1012
539
3694
1227
541
2270
810
198
1000
244
6382
1717
274
596
638
2864
258
2355
559
241
197
966
568
7260
770
550
811
493
901
555
1077
296
643
1596
380
865
1302
245
262
566
1127
235
430
343
323
381
2527
666
164
194
293
415
497
1018
339
1260
635
916
531
655
418
999
700
314
546
479
286
681
614
288
212
219
388
993
1073
1047
446
898
1372
5896
231
429
402
247
657
501
1392
916
462
571
252
1007
307
1185
984
229
1201
1370
176
1132
862
1074
279
2539
608
182
429
443
200
139
1529
484
761
296
7412
965
1066
198
254
1325
312
1443
308
754
259
650
731
275
1235
702
236
1954
371
3207
640
211
252
646
185
224
330
258
314
2262
567
706
435
445
397
239
883
214
773
2000
311
274
353
2012
3566
271
278
334
535
724
440
559
453
1703
397
363
915
256
325
212
270
367
651
3697
196
1055
658
541
429
634
187
456
323
559
588
555
397
211
311
307
433
302
383
365
1036
528
262
3299
1185
285
385
319
572
1577
507
610
511
257
325
2051
223
637
289
1026
309
619
845
273
848
136
312
731
214
500
158
599
258
203
399
1822
1208
2460
632
2014
924
382
227
251
846
1439
1260
206
2421
1083
71
166
455
1084
1216
540
1832
663
1238
460
467
328
2588
650
754
970
986
546
953
493
359
165
379
607
363
321
251
5118
1161
227
810
851
953
971
2868
742
1547
1022
486
357
412
2048
393
1417
421
592
536
2449
793
772
811
1018
3614
2230
238
573
190
614
420
336
588
149
3002
1188
4544
280
948
695
1737
419
1491
458
440
456
493
728
1624
232
906
4847
433
1109
2163
4538
161
641
4497
409
734
129
555
393
432
1156
542
1260
71
550
1301
452
336
1456
570
731
1306
4358
382
1120
1038
947
324
290
217
365
240
2309
674
894
466
346
950
1308
2389
259
202
916
1656
508
522
527
960
826
570
498
269
352
673
327
1069
718
257
247
388
304
928
333
665
462
193
1137
291
329
987
219
441
240
328
647
323
488
236
412
399
1895
1430
1439
376
454
1702
328
604
587
715
1669
408
702
2742
404
2691
1410
1005
389
1029
410
763
125
218
109
197
681
541
525
574
2003
748
625
636
309
698
499
969
814
314
426
529
674
508
1058
258
367
440
1189
1301
395
518
198
419
413
102
639
1570
204
198
1881
563
578
863
670
651
1909
426
993
2465
276
655
280
625
389
137
4436
998
440
340
682
238
369
1609
667
2143
1117
1405
536
881
468
2820
309
232
243
688
597
1817
290
1377
646
211
1318
237
674
297
325
1480
372
1169
622
2222
856
444
541
214
256
628
604
456
403
741
746
528
676
724
461
609
4074
957
822
697
1302
944
454
830
332
434
1245
209
552
746
448
259
449
768
2509
525
225
1029
955
351
814
156
402
3354
560
833
286
758
691
2760
300
130
297
1490
412
83
1044
515
372
135
543
496
629
1373
405
346
528
948
1240
1093
408
433
2376
732
404
1049
2708
637
773
275
1794
367
457
493
814
1396
151
544
283
391
1181
189
2163
609
229
879
7935
792
768
435
189
138
625
262
114
729
278
718
496
262
285
647
2048
316
514
360
320
158
1463
396
1140
482
751
845
367
689
199
1627
562
439
522
314
1910
1845
397
530
347
644
641
279
2003
620
255
433
2053
190
622
113
2604
1330
1968
5633
334
1181
131
257
2437
2100
2175
2343
276
400
203
457
736
600
230
1316
1218
566
570
467
1355
837
514
574
754
1389
634
3407
143
242
1954
572
737
2776
258
207
407
508
1794
1001
143
378
424
357
1544
725
234
3964
486
429
1639
612
333
877
249
214
1505
240
417
836
378
1179
277
875
826
262
607
517
694
227
307
1641
237
156
2037
259
1930
284
751
242
334
571
2222
216
716
573
828
231
314
364
169
1301
511
1785
788
1427
546
691
1109
2445
480
788
401
1681
403
2674
451
1228
641
761
429
520
1369
491
919
679
1762
580
668
4416
519
2596
397
496
928
799
1116
712
924
480
626
1231
1033
233
155
3013
1022
2365
224
167
221
374
975
397
365
323
1044
2129
106
987
662
791
5688
1154
688
713
637
174
291
1354
257
893
3767
219
726
261
537
547
218
179
134
3506
882
2990
200
3044
1376
674
324
417
707
255
741
861
653
238
555
1093
391
777
383
327
260
374
404
239
309
2199
292
836
2378
981
1770
505
967
998
1292
826
2327
534
1610
428
1085
193
633
756
657
999
510
380
323
327
100
558
700
872
552
1439
2686
318
3071
142
1059
356
131
2021
1493
594
877
334
513
406
996
305
970
296
585
250
165
2675
271
5480
351
491
1066
705
604
1038
872
768
441
107
546
734
763
105
272
2698
416
463
862
544
1263
702
1337
332
253
621
527
287
1906
467
2170
590
1292
290
1130
341
296
1277
185
188
300
579
4502
117
2477
394
1506
424
493
237
1403
501
188
386
709
1231
2591
424
866
258
367
262
1544
432
479
1336
1046
516
412
188
533
258
197
846
2488
383
367
1705
539
308
318
279
234
7302
614
465
763
653
315
217
662
448
163
398
934
526
984
1442
210
898
311
1000
2380
418
650
1556
218
759
2015
479
555
921
464
937
291
605
193
687
435
283
143
590
557
718
1196
1175
1760
198
354
167
1643
995
263
550
512
705
479
134
802
169
744
255
2032
154
380
492
258
275
458
774
718
633
672
654
252
628
529
473
1051
806
608
924
892
592
1053
563
306
491
764
327
223
350
258
631
1578
807
1068
1089
166
593
81
240
207
507
1054
1994
1286
1052
311
441
115
975
243
1160
1010
535
272
856
1002
1312
604
333
1159
527
2303
342
249
369
323
322
501
1499
723
298
3160
1738
99
578
856
234
689
408
287
1660
928
317
3352
228
1862
714
639
629
1220
267
1329
772
1614
3222
387
244
1141
115
1448
1320
1013
1435
314
187
1904
623
728
1664
441
256
153
494
258
1574
570
222
335
351
315
357
669
1505
1394
284
1819
595
457
1223
1013
558
415
1743
1471
374
347
821
2357
764
1241
3402
1270
2530
533
688
277
354
1096
3008
745
1672
592
800
512
199
242
1704
1154
578
245
641
463
1102
2737
1314
318
1638
1618
3281
1089
240
598
421
526
401
1178
374
486
1363
512
859
1379
457
502
698
840
349
1271
843
2059
1104
946
640
882
268
3844
149
298
737
1183
541
2919
640
746
1618
971
138
232
271
828
412
1632
711
907
571
472
976
833
695
713
1665
696
438
562
1928
443
964
368
599
195
343
518
243
1566
358
445
192
1687
491
401
191
978
305
302
295
389
490
3609
1102
1078
656
793
958
425
1037
243
2323
439
160
298
263
2364
325
552
237
736
910
1085
925
380
1744
743
531
242
1216
1203
548
620
492
1031
1436
297
772
918
173
1059
1504
867
2947
706
4425
476
944
647
422
354
865
1616
758
846
537
193
236
282
655
1121
464
1619
717
928
1779
905
429
508
323
187
986
193
217
350
710
231
326
1042
855
1234
283
991
645
293
690
190
239
184
535
450
304
881
477
1716
283
513
220
1172
620
225
596
616
686
752
202
237
359
412
374
869
1322
319
372
654
317
282
866
1207
490
555
877
215
629
797
1006
390
1389
342
200
719
807
440
342
1548
1092
2235
933
256
1572
1184
660
6078
134
552
114
355
367
141
820
754
1110
3752
198
526
642
241
2666
1126
1199
269
525
384
879
968
758
1399
1533
469
701
555
784
420
478
818
639
2194
512
1040
1122
207
528
353
1174
484
1161
1975
824
1137
1080
1459
1824
567
381
776
2945
685
512
485
409
295
279
620
286
328
575
1499
825
2306
208
284
260
405
505
557
398
785
1290
309
335
412
877
266
153
1226
319
547
324
638
366
3567
675
262
326
1163
447
128
1912
470
1574
671
305
447
603
409
841
541
162
394
1374
156
605
279
428
426
1072
363
707
2748
284
1260
268
1460
619
276
709
377
516
868
137
234
148
771
380
253
386
1324
2969
1131
637
374
751
163
3352
349
667
1888
441
529
685
309
560
652
619
1452
277
356
131
1749
443
292
721
551
312
643
702
453
1038
1050
444
2121
985
955
452
1231
1212
1044
1321
554
4383
739
296
646
540
1643
192
242
258
2081
269
441
363
142
2002
758
317
393
657
885
753
966
1536
254
451
356
605
1277
727
381
910
319
590
323
988
2823
809
329
532
1580
529
513
1362
1743
644
709
967
364
2230
503
525
1131
3806
2107
246
870
846
1231
1254
564
820
470
554
2537
480
392
764
163
901
520
185
228
371
275
2688
379
1101
467
917
374
461
609
284
1290
847
614
1422
4956
990
4695
456
2286
510
712
381
326
850
241
2015
1926
1100
333
288
192
961
1332
383
1984
644
505
801
1362
519
423
2050
720
407
688
1043
1756
561
1394
1260
716
942
1524
292
195
1384
466
173
545
685
860
640
849
1662
842
282
932
725
833
168
7198
4391
365
420
1297
1032
1087
513
975
382
1338
924
400
775
1200
506
1537
384
778
354
531
256
479
463
341
2736
343
474
228
350
424
1412
939
266
1798
2095
1550
894
1332
310
323
367
323
602
692
660
725
751
417
247
329
2815
557
948
427
436
817
790
2015
1106
681
885
763
715
158
595
481
179
1115
731
521
645
890
843
1662
241
638
430
2223
545
923
1128
347
2890
323
1083
523
933
583
241
248
207
2555
517
1474
632
229
552
939
859
122
768
1005
208
588
4563
794
779
1061
221
446
531
510
388
861
1118
235
1139
349
615
3776
470
485
295
2205
929
693
5181
381
794
1053
432
512
969
144
546
1344
381
165
1739
305
1682
606
397
494
594
840
248
204
613
815
477
903
862
205
1277
540
912
246
270
310
167
172
987
296
272
315
3148
1539
1071
1030
1611
522
561
194
909
170
803
197
1749
206
1401
563
188
280
658
525
719
403
773
370
96
158
281
137
1072
765
652
931
363
656
721
135
1214
247
3512
762
483
267
357
1659
206
1806
340
846
2378
501
762
348
219
976
234
357
1731
189
608
603
276
333
468
288
768
930
265
161
1162
590
900
391
671
323
167
2691
577
345
760
521
1581
1879
348
281
533
546
496
411
2479
422
279
1263
652
703
1290
145
1848
400
556
342
495
1653
1221
1260
128
5240
337
1239
558
545
216
1621
267
483
1076
374
134
427
836
2307
1093
466
420
256
713
1618
653
2376
1793
395
1132
1298
460
304
1280
4109
986
283
1360
170
1593
623
592
469
1150
296
210
509
410
165
261
1068
440
1026
931
468
2273
651
126
269
398
441
270
978
149
128
510
359
625
673
473
398
720
434
1563
331
1765
634
585
1359
206
749
655
670
734
505
1234
225
359
293
427
468
346
812
270
214
530
815
485
622
565
586
690
366
683
1539
1474
1626
2678
780
943
1085
511
61
309
470
436
537
155
509
778
1297
1146
316
721
249
2623
2185
515
343
329
496
155
131
427
1007
2000
4984
1664
552
921
648
528
1490
712
245
348
532
1072
2604
343
289
376
874
599
792
1004
1356
330
591
196
616
1353
460
215
1186
820
323
1850
379
264
613
1982
387
803
212
1157
266
296
249
617
807
2259
557
1182
1402
1650
314
398
579
1780
801
280
392
135
724
987
609
218
938
3874
339
259
373
1221
842
1440
946
379
490
634
499
202
659
717
350
377
880
1610
2560
401
394
621
1322
1594
397
315
1029
2797
946
6080
624
692
639
549
1003
800
460
1081
104
1155
1549
665
2666
321
1110
2679
3335
1251
901
718
327
680
3757
2649
1102
736
207
1219
1457
739
367
325
1537
727
1818
962
451
517
181
315
341
786
1416
1843
850
312
2336
421
563
517
196
1864
2370
220
650
501
330
184
222
266
1461
1094
444
398
4449
378
593
672
483
959
326
548
1257
481
1086
723
235
1177
893
1219
1232
454
169
485
696
200
259
562
906
375
285
505
167
181
241
1820
1232
378
1271
480
305
680
360
1267
2884
1191
504
623
516
175
1819
813
356
329
375
376
955
869
334
188
376
634
460
279
207
379
625
783
218
653
542
2738
515
925
531
1148
997
177
837
1023
680
637
522
661
422
780
1056
1843
1043
978
831
461
405
433
446
599
197
591
838
387
496
458
418
249
812
324
243
90
676
564
2903
2918
1095
932
192
595
221
1517
173
439
294
529
527
918
702
214
460
3081
1379
1337
191
1366
707
1919
346
1080
603
563
378
2784
735
755
490
338
407
345
225
150
500
281
3872
2187
546
524
1149
883
1631
402
178
1208
514
1983
519
271
397
5809
346
760
416
1082
2296
877
563
2920
1793
203
346
1943
992
311
254
457
229
497
653
320
1031
912
420
380
907
748
290
2326
1202
453
671
284
2574
340
197
341
320
747
205
1223
864
547
924
1409
826
684
628
441
267
223
868
533
1013
844
172
1266
407
368
339
1376
1131
492
457
1732
1324
935
211
1473
757
548
859
799
498
364
2375
629
3260
679
1334
337
549
538
699
359
5804
471
241
889
1568
3802
310
374
761
1353
432
1140
292
178
543
399
341
432
2285
196
1472
515
337
2331
640
159
600
212
395
824
677
185
662
869
446
6095
426
505
391
2073
566
425
397
2419
492
326
1120
584
677
115
1876
1017
1081
620
372
581
380
1016
1222
481
700
391
140
2576
1395
255
1589
343
574
1043
852
237
1530
243
321
890
1433
188
1307
842
254
2952
1099
975
1965
801
347
422
150
2798
1386
938
428
2226
797
3431
930
426
419
1838
648
1584
413
3558
560
842
509
1532
2251
915
400
256
491
941
416
1313
686
420
490
479
593
353
1092
364
930
652
409
2385
331
1303
1195
714
507
532
1548
353
1039
253
249
619
395
1375
475
1231
181
501
383
728
421
1641
242
1407
510
300
1861
850
254
314
1106
758
1698
796
708
632
603
1120
259
1049
604
1508
206
201
2145
1145
2685
871
554
530
716
843
562
1335
316
249
473
142
938
869
550
631
772
704
280
226
374
1231
618
166
238
367
1062
1634
798
488
322
509
367
443
166
927
396
332
432
422
1204
625
261
3550
454
1135
614
345
972
830
176
718
3386
454
1404
490
1205
673
1242
408
353
799
920
783
329
753
739
2692
267
624
273
421
817
175
188
476
126
860
882
2879
450
556
409
1002
456
658
1494
383
3707
939
1172
3552
1716
306
1660
483
270
224
141
663
935
939
152
670
285
4322
446
359
453
981
318
426
741
382
664
441
613
286
492
192
1551
452
237
152
2035
520
738
347
847
1698
364
440
940
251
494
686
520
1815
463
656
219
524
387
208
2131
270
1847
589
2404
3289
2723
445
134
326
193
1185
1435
410
1047
392
133
228
375
369
1606
1544
668
336
343
355
650
1568
719
875
2120
523
321
1077
664
874
470
487
861
170
193
2070
462
1278
227
654
399
675
3001
1937
1284
213
308
389
179
407
1520
540
444
683
549
755
445
1077
52
1993
193
926
4419
897
475
242
1314
853
571
359
931
605
450
427
853
482
231
123
435
279
970
282
1709
215
244
601
1309
571
374
1309
423
732
1599
1269
257
397
194
1222
5367
917
315
556
2958
271
670
681
785
1076
750
323
301
1576
1312
696
459
880
293
199
3353
989
1468
2657
411
1527
699
576
255
1096
625
724
261
4232
854
633
1172
294
703
1315
578
479
628
1111
339
372
1253
4386
234
228
614
543
363
635
982
176
1054
619
315
399
872
386
310
177
329
1432
2237
476
302
615
754
270
724
403
858
232
389
268
386
269
807
672
547
130
257
386
433
826
456
3621
2995
624
1136
839
1024
1465
438
542
545
516
571
242
892
429
276
399
934
1434
271
2137
1557
1124
381
357
186
1403
611
1016
263
1328
1159
388
278
727
3972
564
179
956
672
873
146
2848
470
1239
524
2092
501
247
474
3487
421
1807
234
668
878
2012
494
937
2630
429
411
323
446
594
827
616
1063
1926
630
881
681
446
396
1381
254
1145
726
1081
1981
1084
406
2303
459
352
632
1264
270
1271
795
1615
420
451
815
165
3455
493
1125
2104
303
511
709
308
597
2069
647
159
472
642
295
203
305
1396
348
371
1310
214
174
755
134
388
1113
583
823
700
488
445
228
167
462
497
628
157
1198
430
1258
3397
215
706
1485
894
209
487
1112
352
983
1099
739
501
235
1545
231
399
226
1795
818
357
1766
1900
628
1427
743
455
701
491
1952
427
455
338
248
1700
256
421
1039
461
960
650
183
1026
429
3282
1497
1088
2002
498
589
477
909
365
1279
1128
1321
651
555
437
1758
659
395
533
305
174
560
319
474
577
1935
1267
478
879
732
1810
437
902
638
1258
240
425
2032
1305
707
431
526
317
304
358
558
769
3713
513
835
1087
393
1640
391
207
732
219
597
860
1338
857
816
185
401
537
387
225
1254
135
191
210
262
490
1222
379
1140
398
232
270
1133
1617
1047
246
281
287
1890
1708
157
6146
235
397
942
1168
378
851
1001
854
1083
1116
517
2027
420
944
608
717
968
348
691
162
868
549
2885
297
750
1441
245
1149
255
455
364
594
754
820
1149
913
4003
1317
780
1404
584
1152
108
1107
239
1133
291
931
499
159
532
1495
1909
389
258
485
256
457
166
757
634
1436
335
263
396
3388
1309
692
1021
838
372
1470
226
1406
626
457
698
813
2250
813
566
653
3910
476
315
553
1446
6046
1113
292
595
1060
250
697
368
5237
705
525
203
945
2034
994
968
666
518
1015
611
321
114
260
1723
519
664
901
1150
326
432
678
1959
411
496
166
1121
755
333
450
655
512
1663
2058
277
155
2220
306
211
643
580
874
919
838
368
477
209
307
2239
242
1334
132
199
1642
471
227
1675
183
143
533
820
3292
267
381
1010
7461
630
704
731
281
1593
296
316
196
346
1741
1252
2058
1421
260
357
469
1039
1003
200
2672
945
857
652
130
266
713
787
283
348
551
556
1396
1344
979
528
329
1125
425
1120
2266
5400
550
395
696
1353
460
492
933
329
486
2099
704
930
359
801
137
398
755
450
718
496
367
2104
544
342
548
367
572
312
416
2218
464
314
594
161
808
841
220
869
1517
3396
708
207
268
610
258
173
424
1331
226
194
146
222
278
723
505
400
1344
2043
621
285
323
502
237
1332
750
1276
364
241
312
907
612
257
1192
137
741
2115
428
256
1083
364
336
495
968
1359
605
780
3485
209
793
1162
430
555
823
679
1422
181
1387
413
278
1635
322
412
659
480
1455
464
4445
3006
1662
241
469
906
544
622
1834
4162
924
1073
1478
551
353
880
172
649
512
1550
439
308
449
524
652
1011
503
984
3880
334
1077
664
364
2186
489
184
595
262
797
348
522
907
266
1131
277
1754
2384
206
1304
697
662
257
1101
1403
244
790
4690
545
286
81
1195
1033
281
285
244
1601
1543
1777
363
323
1956
270
412
726
341
525
1177
267
471
1099
438
1092
1154
1183
262
986
1906
1187
900
403
796
200
213
629
1620
597
1300
832
1312
281
620
99
2727
2799
233
1007
283
2489
284
168
535
313
78
1106
660
1268
312
748
568
2471
201
1233
700
494
169
637
426
1364
1438
225
819
1492
692
1444
191
267
319
583
614
807
803
242
279
1727
858
273
2029
246
288
953
296
152
2877
362
1261
225
646
292
826
1138
1615
3165
436
1149
378
1494
591
273
378
898
1120
898
489
1523
1033
361
3875
405
858
403
896
961
623
215
973
271
2852
350
642
2009
494
108
571
223
229
639
914
302
872
889
693
495
297
488
253
204
223
127
615
503
1911
793
1048
514
286
645
2113
225
354
875
554
2030
828
783
627
1032
344
972
567
405
700
2105
707
4067
476
618
397
1124
2006
610
618
909
3922
2696
768
423
561
309
404
487
731
337
989
4330
792
861
956
458
117
394
664
241
807
552
855
878
360
959
505
323
1187
1716
424
676
1103
437
141
872
1239
1028
601
662
1982
812
445
807
892
836
267
367
1631
1963
685
753
2691
3657
379
2276
992
1079
633
609
290
1105
1190
907
348
1603
1520
611
815
228
239
503
85
251
1376
1335
2209
1304
307
1029
1209
1177
727
414
666
1080
1093
815
1612
522
624
654
771
1276
467
282
342
2577
638
752
201
234
534
688
1863
1228
478
259
703
385
617
325
301
280
765
181
384
661
207
347
846
390
3399
711
623
1699
433
527
286
471
409
631
339
796
992
1098
2464
182
3577
1463
744
147
1912
670
1078
129
455
1929
1083
234
354
151
600
1066
1507
1234
217
560
590
339
931
293
138
278
499
1178
1265
1178
570
287
795
538
339
2932
456
344
494
383
424
260
128
397
2612
958
375
2328
493
1634
1603
665
522
333
493
301
828
393
3148
944
298
587
465
1408
515
634
233
1713
155
1626
579
457
636
913
426
546
1068
2119
1713
2117
514
755
630
808
1194
431
3091
2015
503
548
448
2526
619
633
2095
1139
882
2210
186
230
527
1303
460
583
949
618
353
192
466
264
695
657
1414
513
367
695
378
1047
508
248
259
270
109
869
240
430
1575
375
313
1062
3840
387
436
609
835
875
448
717
1365
639
651
827
938
602
208
640
1418
444
714
317
969
706
438
1632
684
401
616
246
1504
960
295
2044
2077
344
436
566
252
732
1473
509
1673
348
784
322
555
342
489
694
1768
454
638
348
252
348
314
1509
1132
998
1576
260
528
1770
809
346
594
845
3426
4694
348
884
1632
96
125
296
3154
741
242
335
1196
652
537
799
874
1079
716
463
635
1676
1352
184
1087
272
323
1646
3435
329
405
118
610
260
148
2758
477
1314
463
1341
393
230
597
469
146
1977
1645
2768
2374
1823
1576
294
224
564
1187
769
282
1019
813
738
515
577
396
475
822
2195
410
504
1066
2273
981
1034
299
330
561
1289
362
1281
809
478
605
274
911
387
1071
1203
1236
615
853
1720
454
690
1585
1097
208
800
1054
469
3287
354
480
1025
450
703
431
331
500
481
878
268
578
643
519
267
508
591
647
500
1155
386
533
1042
1996
1816
893
1150
149
361
1239
306
507
499
329
849
520
1488
1804
382
532
902
881
1172
297
619
398
363
1182
1397
358
478
931
3706
349
1173
1358
773
1039
443
619
966
351
1307
695
389
437
940
2752
1660
131
397
737
3849
1347
361
766
1181
583
328
602
384
1390
633
316
168
1285
427
998
1243
422
457
360
803
417
659
599
712
413
444
241
719
478
585
912
989
364
126
171
758
430
480
664
158
580
564
992
982
710
223
1913
173
686
596
750
596
956
1907
1188
465
623
759
149
205
217
1015
777
1576
988
2522
907
478
219
1388
836
2293
1037
915
681
2257
643
288
664
2161
169
577
850
592
1211
895
1295
1873
402
2161
1901
603
569
261
319
391
514
960
800
274
421
328
1170
678
204
403
993
448
230
3720
1445
155
241
267
636
1739
116
335
868
849
839
2298
555
159
324
1238
588
2053
215
727
417
169
3099
347
255
2844
4492
540
1202
342
470
492
797
539
329
473
817
438
2288
2382
573
443
1597
1760
581
354
728
5158
296
720
958
204
496
944
613
333
839
332
1741
1308
1150
615
841
283
525
1658
394
455
671
556
1016
1618
491
1611
351
309
287
159
313
1211
519
692
723
173
198
162
267
1668
1226
397
328
165
1115
1364
692
3298
189
623
520
1221
764
325
731
1250
830
6448
327
3742
992
1539
913
979
1015
130
834
238
316
639
166
605
154
927
442
171
164
399
844
318
2403
130
362
3886
511
368
513
838
1612
1165
335
368
822
656
417
1122
364
629
5204
308
999
1253
1317
563
4390
456
665
232
2389
515
598
932
2007
969
382
935
602
595
354
413
811
268
461
296
1200
815
3789
367
270
881
598
2618
305
815
1700
444
1593
1615
334
653
84
595
348
2986
523
750
188
395
1012
1659
2952
2660
585
572
514
538
435
962
1363
357
303
222
852
797
669
217
385
226
1430
292
360
2570
250
584
1290
1020
1705
274
314
1421
586
344
718
383
305
225
493
1492
541
364
916
304
543
422
2826
522
292
2971
750
846
274
984
1617
2110
218
2156
976
1236
1450
808
1000
387
439
1036
182
1143
1233
731
835
402
339
876
1123
496
375
577
1675
873
288
1477
555
486
1874
432
276
834
406
695
1109
3579
1189
1421
470
640
366
440
794
135
301
315
307
302
805
316
991
1166
475
2940
2692
455
155
989
1079
615
391
416
1197
1125
1897
821
915
282
1511
686
1396
398
380
358
2315
239
365
1001
1059
473
178
1578
411
283
7477
278
323
907
1495
673
309
1541
474
187
389
292
443
532
591
1183
1049
191
1052
1971
169
841
389
553
1804
2034
612
1432
380
689
1342
328
172
532
261
463
251
703
333
329
918
184
623
949
252
365
727
262
775
483
823
382
125
486
1811
369
566
1109
754
445
224
314
828
1687
526
1231
1435
412
229
753
653
919
833
992
695
675
327
610
5862
130
235
316
418
1700
206
433
384
1033
117
496
512
416
298
572
297
847
267
542
589
626
658
2369
264
433
435
1290
734
784
230
2167
719
410
997
477
423
1041
801
789
274
1026
108
542
535
1766
255
1129
1550
149
279
563
146
453
193
1142
623
566
916
2282
534
987
547
402
793
663
1532
1129
1830
1069
1392
760
443
1254
603
1763
226
587
156
496
424
347
797
1183
3032
406
2890
283
206
1205
656
384
578
1137
448
369
168
273
928
736
227
720
382
757
363
524
499
2117
324
1832
660
169
507
435
849
1063
332
1768
398
544
288
366
954
408
674
113
1359
607
623
704
439
3746
364
296
1299
1196
1507
228
790
336
394
364
817
799
1924
1594
841
814
1552
231
3017
242
284
553
854
357
239
171
583
301
1221
424
1033
748
308
743
319
1224
3056
415
684
725
273
890
1411
388
1045
350
627
200
2986
1238
273
434
925
382
547
518
769
328
356
362
5240
233
730
3882
875
636
1201
1464
1049
913
2837
438
300
791
597
743
343
221
645
396
476
1643
1282
357
1856
367
593
2081
147
997
1878
702
2529
1081
397
564
2518
469
464
1518
759
733
2889
628
746
183
459
993
604
366
2111
421
625
1529
1140
277
1299
336
210
1007
1759
1581
2277
3487
342
1001
716
182
362
175
639
1005
253
681
418
4148
333
1703
1172
558
410
834
1122
505
503
1140
192
1055
1630
280
302
222
171
310
1396
354
609
648
162
360
740
133
325
317
831
112
410
910
462
444
3414
1097
875
638
285
855
744
427
1702
407
2204
403
472
1256
769
1213
678
672
907
171
470
1293
411
557
3376
250
331
851
435
769
3868
180
966
548
331
1094
207
485
317
1070
305
625
413
812
303
439
203
429
146
798
305
470
1275
2362
2656
216
673
597
154
573
353
200
160
1208
378
288
360
666
383
2672
2541
421
144
2670
245
4072
148
746
495
696
866
802
951
577
1443
537
481
2246
1745
372
96
136
835
1632
679
1503
659
775
281
1156
299
701
942
833
402
463
182
629
294
711
268
675
548
1663
292
360
704
1397
772
643
546
1015
788
791
787
334
1296
333
1144
578
885
512
1042
1013
1644
1568
426
153
1532
473
274
4970
388
388
294
2207
407
383
227
256
677
568
494
1036
1215
289
1357
948
730
651
873
213
1128
578
589
246
453
722
738
851
793
474
919
2293
5972
198
844
393
1179
296
215
536
851
968
1485
2307
749
601
417
1235
1992
431
569
570
457
244
206
217
1161
269
3681
904
796
830
499
2585
315
457
596
2387
522
2138
183
1460
2147
720
735
979
498
2051
485
991
592
508
2552
274
432
933
352
659
828
978
141
654
826
284
262
512
1625
2055
218
1610
312
244
241
324
992
755
1145
329
576
1260
660
710
539
3116
1912
326
1194
315
688
773
574
469
1828
650
1473
573
353
1180
631
499
985
1246
1565
593
832
665
586
485
1345
574
650
337
7366
726
1991
1797
4660
428
854
193
565
4108
283
525
329
311
2118
165
737
796
801
835
1847
745
202
1024
430
914
680
605
400
1373
900
169
129
1228
441
370
420
667
1126
788
1517
329
2718
121
796
540
682
5747
842
355
539
262
545
821
945
474
170
499
419
476
488
231
666
164
258
1082
232
472
1754
1226
1031
457
1028
1610
247
883
2178
814
499
425
711
532
533
274
1166
1197
649
454
513
673
1266
492
1064
673
456
1830
2004
399
441
456
461
1273
201
621
359
326
328
333
329
1837
573
715
1579
534
2511
1345
481
1273
2448
921
1717
1233
5625
288
1755
247
486
720
788
542
3394
1400
475
525
2274
815
566
347
630
212
1649
488
410
251
650
1296
199
191
342
357
248
1619
456
1073
154
427
592
182
191
1528
521
208
599
754
953
1614
334
1590
129
1074
498
1109
864
160
174
952
305
2284
786
340
426
892
2424
1679
453
459
1030
961
255
411
921
680
406
598
805
3078
358
730
504
138
474
740
527
368
869
600
467
402
789
463
1410
1304
904
126
160
488
496
306
396
217
403
407
291
616
373
317
1486
765
311
2133
446
197
327
577
985
956
1147
1135
415
260
200
639
1024
311
1810
258
149
741
319
670
163
456
224
260
138
206
1080
731
149
363
865
1283
1517
551
378
306
765
486
4129
937
1258
2022
960
571
725
1349
528
833
132
455
582
1488
374
705
1162
666
755
851
330
596
959
120
233
453
2482
546
607
296
301
659
603
151
844
1399
583
517
422
594
251
497
538
585
413
450
733
1111
948
800
798
605
395
699
461
186
1156
125
153
230
1000
294
819
467
426
669
564
447
507
943
131
1124
209
2286
770
665
1844
1054
344
4087
782
458
600
595
766
846
265
229
628
1380
958
410
343
1093
850
1958
7535
765
514
926
485
540
144
615
300
841
1003
300
321
1003
321
196
501
484
271
4942
1202
756
234
1557
491
440
254
703
130
3645
111
671
772
1222
444
481
179
846
472
439
414
328
474
401
254
156
346
1440
438
362
1305
1303
292
200
553
536
1375
399
583
728
970
557
860
1002
250
354
350
915
572
1204
799
135
405
792
218
770
831
532
346
1561
502
511
362
1006
1004
193
1769
1004
412
1089
387
919
553
768
644
373
766
318
462
747
320
550
638
450
402
454
507
506
369
1047
181
2623
1047
599
185
1093
1152
1072
4796
833
942
1211
226
225
485
193
324
456
684
515
1412
300
547
665
810
693
2059
1464
1843
625
412
211
955
226
423
463
320
428
400
6500
3296
858
259
1233
790
314
3061
987
361
470
1290
2203
1253
451
980
758
354
2392
449
643
603
1005
514
144
402
313
492
324
1385
246
3426
1043
1495
245
448
299
154
350
208
702
1242
469
186
538
3372
430
488
629
285
558
205
482
668
1723
464
179
196
640
234
595
914
754
446
365
259
3296
208
403
646
775
1481
1359
1742
2414
238
540
319
271
1448
176
2550
597
651
2230
1355
569
294
882
267
291
1418
841
425
393
659
960
168
522
574
701
470
1385
679
975
958
182
781
1059
180
1596
485
430
1283
1213
343
705
236
111
633
312
330
1130
663
394
688
331
342
3219
530
972
2007
431
820
271
494
896
223
341
607
145
289
322
795
692
596
2316
786
450
3716
267
2299
186
428
1967
453
531
584
744
597
746
428
279
454
655
1458
1181
208
222
380
142
301
612
819
1105
1271
1390
1444
1588
258
4471
1388
237
806
1038
1150
781
326
210
1110
1442
364
1337
684
1296
4137
494
306
478
553
320
1500
1538
1037
505
517
878
3031
637
3663
767
1138
814
1738
1261
119
601
550
407
1319
597
951
951
572
482
345
1071
385
482
129
260
797
1016
678
503
701
1077
334
461
537
730
415
1355
521
1903
1170
592
3119
786
285
394
1516
313
343
1314
1045
160
366
461
353
479
408
433
629
586
297
1384
2844
463
677
1073
2633
821
431
795
423
2740
397
2750
648
221
242
1965
1129
736
232
1351
253
522
255
1139
867
663
3984
3984
1001
2382
2213
496
182
208
447
255
2380
2200
597
720
489
1860
584
1966
830
481
440
422
280
461
646
575
186
929
511
1369
1658
370
569
545
212
240
3489
1732
1080
351
395
498
209
720
721
493
708
321
157
537
1370
224
478
752
214
488
838
552
2869
199
1028
263
2155
780
291
2270
271
548
503
1104
187
144
805
337
720
110
529
965
4967
458
1121
2910
1138
758
314
196
488
1610
1883
839
564
744
963
201
733
289
230
407
462
504
750
409
358
1077
387
563
646
1067
199
842
637
890
305
682
912
1413
1633
276
148
363
498
581
396
1402
759
404
1022
865
1478
4434
469
440
427
1058
718
290
608
549
260
225
903
300
391
163
539
281
602
188
655
286
914
435
2291
378
675
757
320
925
1482
207
603
1069
463
175
521
594
1068
1089
1203
344
519
518
572
609
505
383
4553
1945
288
1311
628
555
614
291
229
340
3345
2489
443
981
349
392
450
2016
604
339
1674
806
284
862
306
976
279
2122
801
399
1967
193
99
844
955
495
165
863
611
191
961
263
3155
1024
502
705
283
995
544
174
548
697
1666
662
749
271
1288
353
236
419
547
831
696
925
2618
1970
409
595
446
1141
740
1428
967
689
113
617
368
274
200
1133
1203
358
230
1961
768
356
690
178
1332
523
477
675
471
2120
460
458
2044
3425
833
360
1055
1114
508
641
623
385
677
450
656
492
190
1606
560
281
85
164
1333
1099
331
464
1659
182
2495
395
318
875
871
935
280
459
783
780
1992
95
559
1938
365
858
1867
1132
696
1341
451
1180
760
1612
352
207
3248
603
269
427
906
730
728
580
422
168
396
1627
604
533
1432
2102
596
505
266
1427
1864
752
1200
396
276
324
453
789
726
834
364
1575
4134
578
348
452
945
212
5656
383
256
286
822
952
1974
838
845
575
362
597
172
1696
487
267
232
995
117
354
226
1337
691
261
1869
262
3007
1846
530
1011
750
293
380
237
207
1097
1480
356
582
499
621
1322
996
268
388
214
532
718
705
653
738
622
242
339
874
456
455
173
528
494
510
1661
552
176
276
1365
542
932
1064
2359
372
282
622
179
313
450
1472
938
1264
729
642
702
310
1269
1544
285
149
406
1633
2270
542
476
652
256
262
147
2545
967
607
869
1796
532
813
298
307
379
883
375
334
918
630
1516
2855
709
261
533
829
1433
234
990
811
81
274
679
309
625
275
2536
446
1638
448
569
1003
1106
501
324
917
222
876
2129
255
328
262
671
555
992
441
324
1582
208
1070
283
869
202
157
543
875
1512
527
1489
2244
325
327
621
733
1042
420
488
1119
2345
659
465
2277
603
302
1620
481
172
1106
645
1236
1199
220
412
1053
413
5105
908
467
154
538
1716
629
314
515
395
3720
2843
167
315
913
1266
176
1045
369
1052
548
508
250
97
1350
788
591
1313
962
1176
1156
840
520
719
617
488
719
645
1015
901
665
399
3100
356
1017
210
304
982
351
208
1120
592
630
485
186
280
1183
367
480
370
569
4665
705
296
447
1581
393
158
565
261
1357
649
342
499
325
505
456
186
1137
360
1506
850
919
3237
462
420
553
760
805
561
611
646
815
757
414
772
293
629
143
167
720
3671
318
554
588
949
961
213
100
766
391
1091
693
390
190
715
668
606
699
1559
1487
263
1046
193
198
701
359
1339
789
358
1017
207
210
1734
1401
263
487
208
1820
638
2365
547
388
1312
274
1677
237
1450
359
2019
234
842
866
826
389
263
2647
1381
121
220
346
504
444
925
1248
1182
897
1022
732
2839
505
970
2197
793
479
176
312
130
1138
437
1196
391
344
372
424
888
491
809
607
340
640
340
1425
588
299
277
345
1147
134
1180
407
248
180
324
1042
230
564
315
412
1023
1561
914
822
851
601
241
2092
764
491
339
1430
196
350
573
700
1081
305
604
850
1354
298
1876
1418
190
373
707
801
301
732
755
2898
292
1581
593
832
362
459
489
140
515
474
383
1115
348
228
1429
4603
283
2290
394
853
332
210
1780
1780
590
520
263
2473
238
475
901
800
545
6812
436
452
303
908
1161
250
514
369
648
1016
494
169
514
1220
581
120
800
475
1034
823
1349
3890
1305
399
1062
3313
207
1880
146
497
1134
538
555
648
2332
835
585
521
694
807
176
1735
1747
875
241
779
309
428
124
137
2599
2299
1428
582
1418
3196
204
1278
210
814
491
1273
240
477
3919
593
1068
796
229
1834
315
214
2857
158
331
1338
217
408
2069
963
671
1688
295
478
646
364
399
377
536
494
2141
605
420
493
360
1553
916
216
758
551
725
802
1585
454
589
1750
826
1753
311
536
869
1231
1223
2345
343
261
597
777
296
507
222
275
329
472
497
241
639
538
743
300
3865
365
2555
465
1035
310
1308
228
1246
411
476
525
252
2056
703
353
294
871
943
571
2211
330
528
518
145
2242
547
722
1159
808
865
860
836
385
1391
3890
2480
711
1054
1140
592
762
7179
845
226
288
328
432
541
418
1242
1187
566
714
364
295
1667
974
269
566
256
1684
591
1585
916
512
430
3998
215
3339
586
479
595
391
875
1642
1720
459
1238
375
814
453
390
1817
102
405
1109
629
1209
599
350
419
2217
272
400
707
500
502
358
179
472
348
217
1466
367
4171
748
2084
115
196
108
1211
2028
626
982
255
340
851
465
849
343
578
1128
331
270
627
629
986
187
1239
852
867
1475
1327
836
228
404
406
499
819
1492
809
683
2224
347
237
406
2205
685
438
1537
2059
1558
403
342
457
496
269
1171
495
594
323
744
1480
211
200
637
642
833
505
1191
798
1426
164
674
1424
482
978
1453
141
900
590
4611
1331
9432
913
1732
477
404
378
433
1469
2523
228
1748
318
447
557
833
773
217
802
574
1267
2000
192
627
1007
1805
163
290
1152
376
258
181
380
593
688
277
659
91
517
105
1163
163
1147
1809
696
186
2211
259
1123
235
400
3175
1115
975
268
492
574
569
490
781
1179
175
898
706
1028
285
330
296
177
1484
828
1450
1570
387
685
434
2273
377
512
208
1000
326
591
355
640
216
312
1086
674
311
2116
2930
1345
392
1068
632
1130
335
469
766
638
721
220
296
624
378
252
697
740
1614
449
3615
326
247
1101
1044
448
741
697
158
538
161
3217
507
145
407
428
129
558
2287
453
314
1211
356
302
405
1979
452
716
973
988
998
1529
501
194
334
667
357
1844
196
662
280
454
404
471
1044
439
138
367
484
226
846
903
1593
1180
2299
897
600
2320
596
200
2500
183
274
991
582
481
1054
1101
432
1546
408
301
238
533
469
377
688
531
2063
2163
298
1605
609
1369
476
277
815
173
1286
416
733
252
280
299
209
1196
718
294
445
982
435
339
241
748
2353
599
1013
479
1471
1775
338
993
562
586
641
125
1218
284
689
333
411
1966
1434
226
317
393
451
153
455
904
688
568
755
241
806
681
613
620
2687
891
3587
700
352
1200
117
1322
278
171
453
1055
235
252
1063
581
625
571
284
667
595
750
593
404
382
626
154
1679
1113
363
326
179
614
1828
437
651
540
1524
609
467
605
324
441
414
422
1106
1497
410
940
1669
616
613
204
859
621
1068
913
1369
594
695
1181
2526
1055
3514
577
946
382
1405
127
331
476
135
513
458
2170
2139
886
431
771
1012
580
716
1554
206
260
1164
4379
1507
486
142
1068
402
291
2010
2531
1163
762
2702
1002
244
373
359
369
1549
683
258
583
1376
589
775
162
4286
446
139
330
4388
1639
789
646
891
275
712
512
228
1051
239
2232
1036
868
1803
1099
164
330
497
909
581
201
1376
227
261
310
895
510
1049
219
1558
1271
1032
1064
865
301
1527
884
4237
389
2872
4407
531
328
386
1149
362
2133
467
1248
211
1792
1026
904
722
992
1921
479
1060
706
223
169
394
330
815
657
1337
561
2180
699
1694
289
1724
833
654
470
621
393
415
337
362
495
1682
733
1992
1089
233
1918
532
784
325
833
755
560
630
1279
367
914
483
1486
693
788
673
2333
766
212
1526
941
162
413
1301
193
1675
1215
834
529
1695
388
125
580
356
1378
1254
159
153
253
289
1010
789
261
2618
1639
1206
1799
587
642
671
610
370
4658
181
1061
506
194
764
314
721
2621
1476
2153
624
752
1541
329
431
683
1473
280
353
1111
552
1103
768
1503
3106
187
59
229
546
2262
1418
201
2004
628
243
281
176
414
266
404
285
534
131
544
5866
254
141
439
776
405
211
309
1600
493
549
776
947
632
658
711
1929
315
666
269
196
279
546
221
460
705
385
646
310
276
857
158
409
2342
489
745
531
608
237
531
326
638
436
1719
3688
592
876
271
303
186
572
1766
1222
1189
490
1182
2033
644
333
224
749
634
213
1287
821
182
535
286
392
253
779
831
2397
279
990
513
980
1459
1149
1667
353
176
497
4185
809
529
249
1515
316
320
1929
311
470
1198
512
725
547
468
261
775
352
271
445
314
87
1019
765
877
141
426
407
1502
482
3357
670
644
3848
219
279
672
464
1954
243
425
532
301
723
992
275
575
432
754
423
2172
963
926
1157
3801
537
232
830
2732
262
1081
6480
287
374
1503
766
381
1809
2262
234
292
467
435
998
572
738
870
750
708
608
292
1111
345
772
473
479
567
446
753
584
196
574
424
1329
837
515
334
162
927
657
1026
1902
307
1359
1658
535
1655
993
518
521
494
403
180
928
1838
301
819
713
195
4548
486
388
393
2367
599
1930
575
277
418
660
797
1130
3190
714
1276
318
1068
160
590
1382
409
221
1989
196
157
1867
1591
1108
440
478
465
601
1059
284
795
975
306
364
402
240
607
2948
1710
5280
294
486
299
402
180
1527
729
486
584
377
369
143
2829
268
785
278
1002
1632
319
760
732
1547
266
1200
507
606
617
960
638
815
706
658
370
1000
1458
151
698
132
758
367
1836
356
94
264
1172
1433
1103
200
664
311
916
611
230
807
479
1382
1138
504
2476
1320
768
243
2740
252
567
353
789
351
4567
549
382
185
367
881
753
365
618
160
208
897
883
398
456
697
302
717
1118
544
97
363
392
534
548
235
1927
576
456
543
1048
207
1473
206
565
1387
557
444
325
729
639
229
1346
578
374
1616
349
905
408
679
559
502
796
1181
260
242
522
342
689
408
413
255
1944
1674
620
313
554
884
3147
1842
1158
889
580
842
205
455
392
2683
1682
280
521
987
237
468
498
311
158
447
794
225
250
3321
506
984
644
722
233
940
1210
1317
692
1127
363
716
218
358
847
420
632
692
257
810
260
242
143
129
1106
1095
310
1554
446
762
1689
949
604
401
1265
1283
3957
405
939
728
775
632
857
400
179
870
1372
881
950
1535
678
443
1503
1000
354
412
1282
1455
1247
212
1522
1804
355
955
1748
1393
295
275
547
398
827
564
477
533
2172
1060
1189
148
1072
1340
495
593
270
2039
1049
506
289
243
688
169
372
307
1093
265
170
202
1216
962
1672
150
662
650
1188
647
355
1214
387
346
379
433
715
565
301
2942
304
529
753
343
305
2229
242
284
585
240
299
511
539
793
901
318
345
712
266
229
544
1165
942
293
1052
554
593
838
1994
361
294
751
1333
575
356
206
1349
394
287
662
235
850
1677
1120
472
375
1922
643
301
981
1160
323
1363
979
811
2131
476
304
338
272
194
618
123
258
1153
724
166
591
700
813
1323
338
766
1248
2180
2542
128
168
114
366
1303
1028
1107
137
212
835
150
342
884
1430
860
464
2207
1425
1288
977
928
1749
622
1166
299
699
241
2306
312
439
941
358
275
1060
301
1188
892
897
1009
436
485
2397
475
630
276
681
273
963
537
482
769
242
245
330
336
637
1101
195
989
771
557
3300
1793
605
657
489
3868
896
1345
474
280
556
1487
313
820
291
1180
396
418
351
204
843
346
1215
450
383
216
331
405
810
1068
1041
172
273
537
1244
499
303
216
1037
487
1260
1301
805
395
522
465
190
129
1174
2142
135
1526
134
785
1302
522
245
384
361
825
454
560
727
659
927
1841
628
874
700
1222
1067
997
441
405
444
1046
192
370
121
426
751
1570
1494
2202
2513
319
541
502
2687
925
1111
511
229
324
944
373
1268
905
1080
310
393
399
326
437
1379
612
1175
505
2772
3263
908
371
1019
4866
782
545
740
557
183
781
940
785
1606
409
315
2474
887
1714
1973
484
341
403
462
832
777
604
257
1275
171
314
1201
219
409
1046
120
1826
996
599
582
545
107
638
219
450
3450
456
440
192
1048
179
540
5339
755
415
566
4070
713
359
447
454
1153
404
908
1137
314
395
684
623
246
878
284
3033
467
416
263
1091
268
617
427
2319
518
387
745
1240
2249
446
1115
516
825
1801
1384
994
1013
315
250
240
1328
1679
466
1927
463
289
2418
597
620
284
720
1503
495
1337
754
192
793
480
1671
682
331
5139
1272
930
814
2716
384
424
1131
769
699
804
747
923
1558
316
290
1377
311
399
623
312
627
137
254
449
443
2559
891
1052
889
250
473
254
1207
480
528
499
618
595
619
146
546
819
359
327
230
459
524
870
343
3693
1258
176
305
315
332
232
404
338
475
3788
447
208
808
1044
204
203
310
700
454
3338
834
2660
480
427
2772
388
642
887
431
869
1311
310
280
1205
773
1411
115
610
1450
445
285
1410
538
342
2522
178
1234
351
364
1151
379
638
774
363
411
677
299
217
161
689
339
235
551
275
475
352
238
1501
364
1117
1580
550
1754
5979
1190
590
2257
813
590
351
2217
742
673
1990
1166
530
4293
332
210
775
3720
443
705
249
715
160
307
1648
125
583
801
99
486
302
224
197
361
3724
309
616
409
964
826
300
1392
1051
606
599
272
3023
225
300
341
284
132
1773
305
540
292
999
552
1182
464
2475
1390
929
797
316
930
591
2673
503
1603
282
265
125
808
562
1157
106
4033
3351
424
2645
560
3788
416
455
937
494
1451
1026
129
1638
2452
558
544
414
310
1518
679
1261
516
942
208
419
820
341
291
779
296
844
610
193
837
2080
448
571
309
532
190
449
187
1409
920
658
2095
383
245
3187
716
285
352
220
455
1896
685
829
739
949
329
415
1094
402
530
769
763
785
213
952
558
764
771
248
877
3746
2020
1984
385
2290
354
208
372
687
481
2587
3225
2596
408
394
345
677
137
1252
633
581
430
1107
8191
488
323
1364
335
349
4502
399
280
324
316
348
772
260
1745
503
1551
464
597
677
287
257
624
739
1203
424
3369
1260
637
281
2669
821
1609
218
1220
651
472
416
260
564
832
1085
1743
1288
2923
555
525
353
185
242
486
440
357
1054
250
1208
1634
878
314
1385
438
330
1056
492
410
231
279
469
705
428
771
385
5748
184
1355
370
258
600
2129
393
612
1192
156
1143
264
714
374
241
758
914
2458
688
562
277
1194
481
798
1544
330
517
215
646
1358
728
440
589
1046
403
1093
1145
2216
280
323
726
498
676
138
2076
696
89
1200
199
206
878
395
143
205
261
190
256
353
1739
2469
3047
466
420
179
300
398
883
375
824
1114
902
825
1237
1240
332
1482
1353
865
1777
365
3129
1611
933
808
725
1273
528
251
357
749
280
434
186
716
647
513
594
163
154
636
946
576
385
307
370
511
3248
288
3787
629
837
490
576
2132
411
304
282
195
846
766
123
290
254
860
2200
428
403
931
445
895
404
1557
2885
414
1428
393
649
447
676
426
730
655
454
303
682
1521
837
1051
1042
2427
186
427
1514
2135
248
2526
1484
387
863
162
609
462
1377
277
592
503
627
389
1982
443
389
408
1262
591
1017
1440
405
574
488
351
650
453
1541
544
107
373
346
1912
392
292
1216
905
805
247
445
2214
372
279
346
1064
3775
601
618
8260
1288
1161
632
457
372
281
642
353
234
857
825
916
1376
198
966
447
528
1188
641
340
282
1980
299
3673
309
361
772
346
1049
236
207
951
1735
1748
882
1164
722
528
616
404
1389
624
1880
1634
1334
432
903
283
869
665
370
1056
1800
652
669
246
628
661
793
282
548
764
737
384
290
429
311
3195
3221
820
250
201
1123
369
897
374
1978
1651
341
313
1637
505
374
1496
1355
278
202
759
450
2352
488
594
278
364
1730
1270
253
715
770
2075
642
559
4424
695
616
646
726
217
1860
650
375
559
2551
3313
3602
726
293
402
1262
108
1434
1123
312
240
2044
229
706
2528
171
1396
1464
920
1498
511
281
371
1908
598
1042
994
1186
559
1917
297
1541
378
1802
356
615
388
1745
502
674
363
2288
760
370
427
610
333
1689
1590
691
353
315
198
634
568
465
345
826
280
570
367
280
358
490
342
239
266
186
570
673
473
642
1287
4304
346
649
1106
911
698
470
3247
1279
2559
4799
352
1171
260
1054
2838
411
616
1422
1971
150
525
2986
389
1112
546
806
441
310
493
1727
238
436
380
1817
1923
419
168
4788
420
915
199
303
587
283
1895
470
876
250
554
4175
1062
1388
421
421
539
416
296
1474
771
800
1298
807
512
492
593
815
180
378
374
2240
449
474
797
475
2429
1434
2677
147
1646
3349
722
868
507
943
666
98
201
358
594
2041
287
695
334
243
212
278
3095
610
2311
684
620
1997
1020
127
306
818
813
350
329
1019
239
1234
1055
297
260
793
290
884
614
1429
481
950
345
495
793
1516
1375
1038
2043
258
200
189
547
1289
691
1071
722
201
814
4828
515
184
320
255
1574
142
567
160
584
1013
2502
218
2664
504
348
1630
613
457
516
1187
326
682
1651
417
519
294
549
300
2829
770
3468
377
450
424
1488
1410
263
1390
270
516
522
1925
1280
799
144
421
1836
1632
1036
220
698
810
561
2133
874
323
219
129
170
882
890
788
223
1202
2591
623
2249
274
1542
439
495
1022
1641
475
622
2310
317
2842
1001
416
1014
657
131
234
257
632
439
639
575
825
532
1014
1603
433
1556
546
309
1966
1181
935
1171
735
376
231
310
1102
802
544
4609
1026
492
905
216
595
161
477
608
1154
596
1684
145
489
431
1787
434
892
716
1366
2165
461
332
1483
336
1106
281
960
1190
946
384
402
769
865
429
326
648
332
245
1319
657
291
1143
400
232
455
229
1051
409
524
813
87
878
4353
793
423
229
676
363
1810
1359
1490
235
1281
4758
1377
220
371
663
1352
166
584
476
2442
234
785
823
873
192
341
1055
267
227
1483
200
1513
1024
1526
562
899
481
4677
275
3006
560
981
127
593
1370
1698
361
739
213
2787
4351
264
491
1552
675
446
622
3945
3907
194
525
121
854
489
496
367
225
555
2379
993
1467
587
311
508
807
2085
1645
842
657
216
369
731
627
1462
1576
504
620
943
616
1260
425
3670
322
1342
882
1215
115
309
1220
234
394
508
163
4652
825
1786
606
1963
673
4366
882
404
1156
503
829
1459
2051
404
129
1058
677
159
967
233
543
560
3339
435
815
947
263
193
737
1115
746
97
3665
671
705
239
379
352
423
361
472
372
293
561
599
221
331
748
1225
2797
551
1089
781
572
597
310
831
424
1666
1028
170
1151
494
190
267
493
592
184
273
773
634
281
153
311
253
404
1707
203
767
437
306
1332
964
4327
963
493
556
1125
1842
1309
175
654
973
694
686
300
527
156
384
592
565
264
318
632
344
585
2379
392
1901
512
285
2472
559
434
386
382
1298
1258
443
278
835
1017
703
412
308
773
164
634
1175
173
1168
305
829
810
489
336
620
918
405
279
684
353
1947
271
332
623
415
434
1505
690
961
293
572
275
626
961
1033
218
600
304
2936
3177
1151
389
1737
394
1141
690
371
256
1193
518
804
232
155
605
561
429
106
758
704
2130
3350
659
1589
759
371
352
210
301
672
3489
526
667
194
663
330
241
283
1696
380
277
532
3421
436
1595
973
614
2272
905
316
1008
526
2555
233
3956
186
717
508
484
391
414
315
913
213
1571
1395
235
432
298
1936
870
551
606
317
1405
927
285
430
540
2041
658
554
565
1958
1780
588
347
156
843
340
227
315
481
320
803
420
427
309
649
450
142
685
387
494
1368
946
550
1553
254
484
422
237
364
1999
634
1448
1194
490
888
140
1580
516
132
1848
1553
2152
1594
692
3538
933
380
1687
476
670
240
554
1160
578
2016
555
1414
744
1899
896
261
527
1425
450
460
874
2779
1482
3062
486
356
1924
2348
1549
266
351
669
313
1071
278
292
1338
351
413
376
588
313
731
670
124
877
292
448
4024
117
269
789
120
6317
365
304
841
1578
410
353
1004
617
368
396
196
3712
771
203
154
494
297
202
3149
1300
442
542
404
378
997
1331
921
736
1948
1560
185
304
198
312
2545
1094
340
2106
2367
200
1721
967
516
1168
294
796
642
1247
224
770
1039
557
1926
225
255
392
277
560
916
1374
1248
580
351
259
805
235
444
548
1134
1096
2011
1038
585
643
596
170
408
551
620
657
1722
3373
476
590
163
228
215
325
906
2331
547
575
546
2940
397
262
400
299
275
1022
644
917
311
462
242
136
811
1782
432
607
456
365
760
1410
5197
394
645
2011
251
1446
1701
915
274
364
317
741
1233
582
729
796
365
561
495
3970
255
330
249
402
237
1687
181
260
223
2039
455
388
186
139
271
1111
424
310
743
376
886
235
1164
317
1025
570
654
235
389
564
854
172
904
331
819
528
256
1126
458
1318
378
454
232
468
1441
1086
314
1363
1471
457
146
822
419
365
760
200
1057
628
376
1755
83
1002
720
840
277
1391
1173
322
753
846
596
573
442
242
942
388
990
2108
567
2443
244
3025
922
2188
1034
1951
1265
2146
467
635
1741
1584
723
547
188
832
263
1474
949
532
735
388
304
208
1026
709
262
519
715
202
296
787
442
330
1895
422
400
368
2714
1406
247
113
315
396
1900
732
1017
684
484
264
197
734
124
1025
168
2409
600
201
199
5398
2132
324
285
305
296
896
1395
937
490
975
240
1023
493
253
503
320
194
205
777
1304
1792
136
2071
208
398
1865
298
376
674
485
5419
119
536
2775
964
994
556
552
636
520
2225
273
579
419
728
1933
414
221
733
783
762
1326
263
1498
1229
291
317
435
1167
560
1284
701
198
489
365
452
2245
1593
301
450
321
626
568
335
2874
295
675
258
384
1256
543
1085
539
425
332
242
710
1150
271
1037
934
1341
791
695
2096
1543
1256
4282
244
950
1864
1168
921
235
226
408
149
1160
264
200
221
501
333
559
1036
545
613
528
470
966
964
657
214
2075
1295
226
1451
615
675
514
1553
2060
501
473
1682
622
376
815
456
468
444
361
4913
581
1539
4861
795
418
486
1158
783
3681
248
162
633
593
1282
814
436
723
313
862
6244
1752
316
3629
565
238
1626
376
778
315
297
326
195
465
6368
1105
143
451
505
215
2070
330
404
440
423
579
1148
422
443
295
637
958
620
334
1640
127
251
630
1391
161
770
1422
870
3386
205
955
341
159
1058
440
355
614
625
3028
171
238
2441
491
178
372
1318
715
1021
517
260
872
605
1273
408
983
250
751
260
407
321
92
259
419
1162
1141
485
390
176
604
592
339
517
439
355
89
212
522
846
581
822
648
270
321
731
1267
591
288
197
359
6313
547
1018
295
609
550
768
463
870
539
500
225
946
965
1277
2555
264
235
804
240
629
293
862
511
593
291
660
1306
391
140
289
128
548
749
614
902
962
167
955
340
422
1437
237
265
455
393
688
200
802
2161
2226
1099
139
862
577
1393
767
5691
359
907
1047
306
401
1995
246
896
445
208
246
503
2327
1165
5577
1035
1336
2137
283
988
605
985
255
901
474
320
1039
950
912
630
537
107
1358
992
675
599
3169
231
239
1113
1895
463
966
1325
543
399
75
762
329
578
653
379
132
751
230
427
298
208
1913
348
129
624
627
244
410
137
748
270
625
401
1232
731
126
304
124
351
794
585
5997
350
1059
1435
633
650
850
245
180
625
402
234
767
636
553
3216
706
381
803
2696
624
426
419
345
565
246
370
279
379
201
1033
1110
318
232
580
3019
253
1147
282
1648
1653
539
200
758
500
588
1789
355
189
804
289
351
245
7174
1124
210
769
378
480
1311
601
339
410
309
123
667
967
823
487
569
390
1846
446
1898
1413
316
157
240
925
891
248
234
1033
544
388
499
1186
993
993
3139
923
936
418
754
172
7470
1058
252
224
336
2608
2736
206
504
931
147
642
1238
275
361
2412
296
283
1372
203
292
1153
254
184
2576
2530
807
443
675
326
653
2169
355
519
389
333
372
591
313
2305
510
559
348
200
222
763
692
546
1041
119
548
440
1420
1031
1051
285
926
263
2025
1290
595
763
590
280
159
211
496
392
1055
412
369
366
426
1328
731
577
442
2260
2084
410
1071
1564
918
152
1241
1698
532
804
693
2208
95
386
712
428
716
194
1470
261
310
369
322
459
569
599
576
291
1330
438
428
2476
6173
665
840
593
434
347
413
264
182
1264
1569
2377
581
608
2255
1039
5859
163
1031
540
260
472
272
373
1191
377
788
281
676
602
605
580
487
398
586
458
414
510
571
904
573
1513
554
325
698
595
748
599
1544
392
532
367
4388
513
332
328
417
611
1253
205
1665
474
592
643
450
250
1210
224
537
549
391
925
1107
1809
849
628
363
2328
365
386
276
1228
1627
407
132
323
364
427
1549
608
880
523
713
934
668
903
220
1017
1272
696
532
401
541
533
4967
245
1073
1806
507
231
650
2078
1986
1092
932
247
906
303
1025
233
513
756
874
760
289
629
571
428
1315
291
490
991
254
585
739
1315
1482
637
192
403
4676
146
393
282
426
187
594
1170
1891
766
370
220
306
819
177
235
1156
1744
186
1250
212
638
341
889
527
647
583
456
1085
318
964
738
146
1357
5069
405
508
1256
213
344
235
409
496
943
483
457
361
642
276
425
724
2699
375
583
1855
338
263
990
408
364
1486
1633
399
299
1294
348
131
3567
853
349
539
216
1215
1337
728
958
356
1293
1968
543
687
1339
1149
248
414
301
951
1183
1734
471
189
304
208
179
1005
865
216
1631
503
510
232
1195
581
425
1376
252
456
1260
761
1026
452
562
143
388
648
745
958
1430
2068
531
661
192
404
2107
343
1578
1377
270
254
2556
660
847
1206
3006
589
207
387
288
487
398
557
377
1548
191
1382
945
226
700
450
2506
658
1438
260
871
516
238
1013
263
617
592
362
309
2126
2050
894
666
305
218
837
940
218
384
1042
658
226
420
494
1181
773
514
317
794
325
232
658
555
647
971
322
1260
229
830
243
383
1587
415
799
866
370
622
784
2582
504
357
281
977
1424
998
436
620
396
1786
513
447
1202
1166
932
165
335
272
1317
306
300
547
560
996
839
430
368
180
246
207
217
502
612
731
380
422
724
486
1993
448
2194
425
1991
2027
769
293
284
1198
176
265
911
1414
606
316
1245
313
1118
398
1306
443
941
4877
1179
352
1080
221
600
544
520
4853
2127
145
253
1154
522
197
645
612
794
591
605
1247
857
504
501
406
555
963
335
817
354
2069
986
375
544
2532
489
644
251
557
198
1100
467
126
522
380
733
260
385
204
501
481
178
352
593
773
761
648
1866
249
837
793
2852
230
265
899
260
268
289
1103
529
935
412
357
301
3247
692
259
256
1976
1663
580
1816
2764
144
2980
263
792
260
390
439
841
343
532
1020
612
316
683
246
1364
319
1244
677
1539
552
984
199
237
432
2671
1285
335
2494
167
306
2087
1806
494
4585
2165
1048
370
1267
927
520
759
620
661
283
1069
694
1813
732
458
115
733
415
659
1284
3407
501
939
385
1639
1871
905
691
1292
521
257
2131
193
211
3305
281
212
834
218
726
289
1123
719
3742
4618
339
465
432
254
709
975
446
586
819
923
501
337
136
83
1294
1242
1600
1007
320
247
5279
325
2466
312
404
624
290
634
623
368
363
299
789
509
372
981
493
371
663
321
331
1021
206
883
1060
264
290
382
290
308
2258
569
521
196
1147
404
1121
510
564
850
344
389
687
615
246
284
590
856
767
164
194
439
1038
545
1037
482
569
337
252
2562
1952
540
233
473
377
801
298
451
820
1036
223
483
636
2523
3116
1158
413
696
494
393
219
123
809
1447
331
339
431
214
189
139
120
846
438
578
1166
651
1400
447
1482
332
386
633
191
1641
405
471
581
187
393
499
441
798
948
4299
810
252
455
3353
576
806
365
1328
2047
444
291
848
413
303
406
463
989
558
405
886
148
2001
956
175
1953
1567
2852
727
643
1059
357
1606
186
677
1502
1686
170
405
554
658
1057
1019
377
839
1525
124
787
438
151
124
208
230
1292
335
201
437
1662
438
460
701
420
250
237
259
962
992
1034
147
203
341
713
340
227
181
447
516
715
388
665
257
279
269
1161
615
641
757
353
246
233
796
900
302
749
495
469
429
1044
768
510
1457
314
2500
1058
695
1000
764
908
140
245
740
1407
1370
386
1135
604
1715
478
253
447
822
278
676
872
1199
336
605
599
2804
346
448
422
1332
1288
266
1464
884
512
2014
340
2345
619
1657
180
627
989
162
1798
907
241
631
1085
637
265
1959
1192
524
229
361
2125
2161
382
458
636
1545
1380
719
154
568
96
829
588
370
167
755
515
149
383
557
2934
900
1116
478
448
373
480
1398
419
1698
1331
533
150
1723
471
1059
270
504
1681
1880
822
683
1435
368
510
533
1841
989
1137
434
938
1550
3085
538
1651
941
697
1051
1519
4796
979
1873
970
542
718
266
185
673
1039
342
486
177
1655
1254
860
255
1478
3556
757
424
1567
423
1484
215
885
783
1511
796
1142
152
614
454
290
348
238
432
867
587
455
525
182
499
522
1368
162
846
1066
187
1063
2023
411
1194
388
577
2758
345
646
343
454
312
2050
300
511
1061
3477
617
590
553
246
333
707
2510
411
266
1419
1037
425
1265
310
170
1784
226
493
199
1856
375
618
1076
1236
452
757
246
1447
245
1811
210
2325
330
221
110
826
857
538
1889
217
710
558
319
411
650
294
254
255
749
239
1345
1252
405
444
1074
841
1016
261
468
599
663
492
475
145
890
810
618
440
687
1514
377
770
1922
793
2662
413
587
180
436
539
649
631
1105
668
725
1067
186
790
316
469
671
707
834
874
1964
1154
158
1210
4180
1071
495
487
391
647
222
396
1093
955
356
765
635
224
1031
2886
1997
307
223
522
1483
792
632
402
538
600
432
794
2572
1866
744
268
851
409
618
702
1400
1203
1112
452
1409
805
201
4911
419
1523
571
176
1092
686
462
408
367
1487
2567
678
522
271
575
595
1326
1020
691
457
2365
780
389
789
1882
515
313
399
653
388
1239
268
419
650
405
1331
346
944
1094
326
350
312
1163
589
653
321
318
309
589
331
468
1178
560
600
3904
964
560
366
672
600
125
517
1235
209
628
757
1020
106
649
524
1187
1196
1351
1923
488
1370
1011
299
2395
318
780
664
450
185
688
324
403
2880
961
907
1852
255
376
2669
608
272
178
396
318
199
608
750
471
6073
198
524
1946
904
735
245
624
147
2027
638
310
595
2075
494
297
1608
407
679
373
266
291
648
3292
229
956
653
127
1125
199
521
323
5024
1170
901
601
1739
798
1464
266
163
5001
307
1119
324
140
295
860
800
282
2253
1296
329
216
1074
1438
912
504
4103
622
868
293
830
1187
969
455
278
394
4099
1734
1150
2265
1687
369
660
773
2473
340
1525
385
296
723
539
576
330
1233
178
394
991
339
4024
4967
911
826
3059
588
650
393
419
620
1477
1504
1025
776
1652
311
223
1411
731
1218
679
414
3110
967
288
329
211
4474
344
658
1167
915
637
1023
1907
814
836
524
676
526
718
269
551
644
292
4868
552
287
376
783
443
964
124
240
542
405
418
848
375
467
746
469
391
547
170
646
245
264
4185
1396
692
1299
1595
559
454
1096
616
709
1067
226
502
1365
762
194
509
318
325
1048
2301
733
1728
709
1837
274
913
520
1527
1186
439
1966
260
478
279
312
364
856
282
571
760
2022
531
759
129
399
1373
725
301
1412
116
1651
959
506
181
693
644
552
333
856
1387
537
781
244
1142
255
283
482
818
4474
472
431
428
1817
1341
121
665
516
1947
379
961
246
2572
423
404
171
573
371
220
286
1489
220
1400
1629
134
1386
182
2106
3861
2449
1242
189
302
890
8217
537
339
296
611
769
117
878
2159
732
509
701
441
1057
1254
389
3812
795
707
433
905
494
928
399
291
338
1307
449
1145
159
143
631
555
1173
998
1117
1409
579
1835
3313
297
621
298
531
769
226
1849
5429
180
489
502
762
1301
738
2417
231
558
947
377
427
318
375
1598
698
435
388
764
568
362
206
1085
991
682
638
240
511
298
304
2850
599
1094
761
700
898
442
593
588
369
1326
1417
1018
1355
1400
218
776
2264
680
1139
324
2750
722
255
764
1826
583
498
546
179
153
787
858
267
155
341
291
2557
779
942
503
1067
226
2967
592
638
732
288
746
726
608
1146
1529
399
757
1157
1477
678
305
462
596
784
525
1647
912
426
230
459
722
609
608
700
631
332
1096
527
294
275
627
1577
930
1407
405
1255
253
516
2463
485
224
2124
278
2469
576
1350
1253
395
2296
473
1802
603
93
5333
1035
469
216
537
372
494
945
131
166
442
268
508
228
697
167
1964
263
451
260
342
1107
3893
1088
581
791
561
214
353
790
568
504
1053
378
445
2640
613
635
669
1442
1879
1873
971
496
1258
212
697
276
369
648
131
407
226
614
801
1013
1365
372
292
261
455
2982
535
1364
443
341
465
312
566
407
664
1587
2209
553
347
903
668
481
409
322
415
467
299
310
340
662
706
6436
1502
2079
302
1329
862
1174
172
1652
477
587
347
429
3373
1252
351
720
383
456
1400
308
1541
427
355
472
430
1026
1563
165
397
358
523
405
1400
406
78
653
224
1607
80
1943
660
