873
212
1462
540
752
669
423
281
3174
592
519
767
386
2567
444
494
1173
571
1386
387
776
2028
1017
1828
387
691
220
240
111
1122
389
1150
7758
396
2564
448
365
160
2283
733
925
302
406
252
253
198
1406
990
1260
984
1260
976
401
443
597
583
268
941
370
442
478
194
253
414
814
1561
133
2121
587
653
943
105
237
434
1391
191
792
246
839
1340
310
248
1242
999
1291
1888
796
263
1322
186
1331
1155
393
155
970
371
502
533
220
489
1502
1643
1212
185
274
2252
339
130
254
810
354
321
936
696
1043
1213
705
144
618
192
311
681
320
792
297
603
279
615
2101
1587
538
183
1330
993
1601
261
153
194
229
484
453
698
201
1806
407
162
316
1337
728
1279
945
1408
1134
2148
484
588
606
504
489
164
1767
184
201
637
656
786
481
425
243
259
387
523
974
2313
1429
785
741
205
518
212
369
2963
1945
840
592
478
1159
311
1196
202
525
343
271
1975
494
1111
732
1983
134
1707
127
1220
1151
1583
966
112
916
589
213
410
855
211
494
692
511
733
244
792
1374
397
2213
385
1885
640
1949
519
538
748
1795
158
368
416
245
1862
1134
333
1484
1088
304
608
565
655
122
179
327
539
161
1566
226
656
463
656
341
823
508
250
726
1505
746
697
1865
502
340
766
1386
1589
1248
204
1115
622
131
352
499
518
191
733
608
435
675
1062
1266
832
383
258
314
685
483
1234
918
383
420
1013
575
333
184
1069
555
133
880
602
540
1836
491
297
966
663
1277
647
701
825
533
1554
1100
267
921
664
356
538
524
1027
460
176
1770
139
672
1200
480
250
229
2680
321
491
175
550
2201
211
297
580
332
642
1282
436
148
517
239
477
254
534
299
552
412
1116
2127
531
200
656
758
333
579
1549
332
838
825
591
169
454
600
570
352
570
2964
409
318
215
213
652
735
243
711
676
217
1084
818
231
1854
110
514
363
464
245
615
1150
321
140
499
499
130
267
765
668
508
1011
2247
383
208
1276
849
478
1413
1879
983
341
250
188
489
557
1385
340
307
996
156
473
1645
1289
924
278
1686
1319
831
262
131
4186
1177
171
575
515
322
305
984
1392
1269
1348
450
2117
1032
809
261
703
937
413
137
797
587
475
290
997
1245
1594
306
425
631
677
505
697
1639
362
362
1116
428
952
598
481
650
810
1782
1197
709
452
1095
380
1241
652
931
519
332
261
1700
404
502
368
625
861
1600
775
291
732
337
348
1505
675
1773
416
160
1934
235
2206
552
2514
1907
1123
1053
712
1331
437
376
262
620
1171
1285
1809
301
926
3221
1260
1547
522
874
845
1099
465
167
644
270
536
234
119
2207
337
221
937
359
388
701
1189
2981
518
468
634
316
394
564
302
1888
623
1277
729
749
2702
268
872
436
871
794
487
207
793
1124
502
1394
494
790
308
244
440
1473
623
579
239
190
365
807
928
447
823
230
1076
1838
2146
586
282
335
177
651
404
1134
265
418
477
327
438
282
1109
148
307
574
490
367
504
550
597
1046
629
2543
1639
2665
437
1399
468
980
1655
1899
514
811
806
341
397
331
1350
1702
1503
122
2955
418
890
208
805
700
673
173
311
2362
613
230
664
1514
1351
347
155
1531
1661
378
296
301
678
583
763
592
3176
174
217
1791
327
476
326
989
631
1951
251
818
360
232
1048
1073
425
231
881
400
504
588
8029
423
1427
380
1122
429
373
698
697
127
627
594
958
266
1113
712
629
938
2433
306
1246
243
235
1055
361
558
922
1135
732
1184
476
172
429
890
745
1150
1319
333
471
832
825
311
428
314
997
545
105
240
325
784
528
3168
2189
301
937
623
789
869
778
625
1205
282
262
597
467
920
310
433
3084
514
244
488
1317
438
1042
643
492
427
783
292
247
1335
614
405
231
433
301
3835
824
395
201
4046
247
444
2738
205
750
848
532
3572
508
195
1123
720
291
2098
179
893
1155
1248
277
151
420
526
312
707
65
420
929
321
806
701
455
324
577
277
2947
690
212
1406
1297
459
442
509
280
2267
565
462
523
603
1992
147
460
337
494
1998
296
275
540
1928
2088
739
2276
596
679
378
346
1891
271
749
991
461
274
381
243
293
1631
1126
648
279
695
1066
379
385
205
851
258
693
384
190
1064
2163
1928
867
459
746
1194
348
664
481
1197
468
436
514
2801
784
490
368
432
2159
598
1227
417
1000
736
3240
2976
949
581
662
3885
325
511
1121
533
571
498
613
252
369
2377
820
1065
757
339
1194
1015
936
721
642
816
554
345
172
623
260
2126
1024
737
694
360
444
734
1002
582
451
1134
633
163
1353
2021
2145
529
840
315
144
2129
193
1219
868
915
401
1237
1621
560
416
814
522
358
325
371
980
535
534
1044
510
644
503
188
918
545
268
1111
664
352
314
373
635
170
163
583
1177
580
606
777
1073
828
463
3056
514
295
130
1939
675
867
251
1005
302
246
849
585
606
686
3402
1022
1453
1013
882
359
816
1712
245
478
637
736
363
247
1089
1210
667
670
747
462
334
1500
700
1557
797
2096
724
738
316
2474
141
828
826
262
1564
214
1187
318
2795
651
862
1812
894
319
567
684
545
591
718
901
148
917
1045
738
312
882
438
1470
295
1135
2757
253
263
1112
3279
818
306
663
984
1102
2432
334
234
170
395
440
762
1567
957
550
591
159
205
510
247
820
1150
481
132
436
1188
302
820
870
643
945
317
614
352
314
324
414
113
257
823
333
519
873
306
279
368
63
1065
674
1420
287
409
1998
2307
1828
754
410
986
367
405
1055
1774
1243
648
335
253
517
1045
558
644
418
146
274
761
1570
1542
870
660
1124
1194
855
413
472
684
2765
1174
770
302
267
299
744
2680
3372
1117
271
214
4827
726
973
3950
232
1049
907
1533
252
232
286
1679
2752
744
410
235
750
1118
759
1311
754
1770
1024
1674
180
383
711
222
2714
277
471
1122
364
922
575
1464
397
422
331
629
118
307
1840
2059
1176
184
716
353
933
1761
409
1574
201
439
1734
311
590
283
339
895
1244
2259
2131
293
296
321
1307
477
172
839
574
3515
302
823
1137
1392
233
1158
2589
334
840
382
709
1191
4740
1068
359
1468
408
257
1572
604
5187
1237
1555
688
569
810
348
404
508
732
2104
326
1111
581
127
1669
270
1095
867
3551
1951
806
1319
618
1765
1685
527
2287
1783
384
278
381
852
689
951
1097
534
3267
147
267
791
328
189
369
1026
213
574
341
231
429
1684
1827
987
706
559
4526
331
459
236
324
461
773
1239
361
549
366
892
500
208
896
847
876
1891
850
216
629
392
807
2131
2423
477
708
327
348
312
173
127
750
1116
416
349
405
634
165
477
758
806
1072
627
502
397
903
1640
970
792
1259
1351
380
294
1507
574
420
891
410
496
255
1657
706
414
1042
576
269
2706
614
1092
380
498
586
2289
334
221
1132
1085
1541
757
879
683
627
1493
209
2255
269
3235
684
546
879
617
812
524
744
662
425
351
289
372
805
245
224
1086
733
265
1954
557
559
338
522
616
603
2443
233
995
196
3534
353
2066
210
4896
314
1298
576
992
5074
998
1761
405
710
157
308
421
3542
1382
1433
799
626
453
423
844
2015
222
228
505
257
521
673
1153
953
489
330
684
259
680
180
389
436
547
1521
894
889
1013
103
1149
3145
440
675
609
337
1733
478
347
428
1402
955
167
1107
620
747
1079
1229
1211
820
996
619
2287
815
211
347
488
1059
913
387
1617
1469
2799
963
974
686
840
738
222
1497
222
554
1048
401
203
597
1032
199
948
522
512
934
2223
303
1024
2405
1248
1383
302
680
547
434
1773
1249
477
356
1225
367
552
185
1133
635
585
485
1693
312
820
248
248
616
451
545
3109
589
1871
781
1461
376
366
1314
857
814
874
3199
342
602
1806
137
2357
592
334
1430
719
147
3142
627
193
632
531
717
360
523
1901
357
383
324
438
759
908
448
1212
1183
651
1364
186
386
1131
203
237
282
2025
2009
255
883
692
226
154
785
911
243
396
167
330
953
659
481
465
988
434
894
665
1068
441
2042
497
458
3703
382
311
182
280
647
825
96
827
878
479
370
1529
1077
950
1436
470
329
939
326
558
1659
516
666
861
294
659
437
1636
912
192
835
573
120
912
482
60
918
301
1954
348
614
244
726
1567
668
812
311
1679
356
366
2974
700
738
2148
926
141
536
457
1729
818
590
251
1316
366
2340
623
485
928
958
806
820
271
766
481
566
1266
540
289
2783
1064
927
340
422
390
573
183
1119
1424
517
431
4495
180
132
824
1199
272
1251
128
187
1354
1193
704
2129
314
1723
1655
704
203
1322
2550
2316
1230
509
716
1167
451
386
754
555
872
392
795
732
160
156
269
372
1719
552
391
597
2018
717
657
132
422
336
928
624
928
1264
1495
192
504
405
688
1339
201
583
998
576
358
787
949
635
612
324
379
834
559
254
568
601
743
442
305
498
457
494
166
588
704
520
624
944
435
855
201
420
476
502
140
224
802
719
1463
1326
764
566
543
800
1091
820
404
1166
719
2438
279
803
350
2093
395
689
325
1627
2456
252
1275
1662
179
1829
872
2447
838
684
553
854
3146
3425
450
981
775
911
1601
439
497
575
417
1152
1544
1757
1033
197
392
547
617
675
1610
343
184
1046
413
411
284
179
237
450
587
167
142
443
1063
1859
1997
637
247
872
714
2221
450
585
337
837
418
397
203
931
1376
658
470
202
487
417
3994
932
906
535
237
325
541
625
406
1136
378
1141
979
271
1163
430
395
405
1033
627
1476
536
1090
318
323
1180
462
641
429
155
688
333
609
478
1105
563
2497
270
762
509
923
753
513
1333
288
210
454
1155
451
675
398
689
819
890
1723
228
221
692
287
210
311
268
963
610
513
176
326
458
1247
1178
759
2417
690
724
1156
1417
2028
780
786
2712
1323
1078
341
1548
199
2080
1690
205
411
476
567
682
385
604
342
2602
1249
1558
282
1378
2318
822
1471
989
199
563
481
327
567
635
590
774
478
481
700
621
1801
566
1410
520
1612
1677
184
200
816
606
206
4234
948
461
490
360
577
1286
2546
528
429
300
252
366
325
494
1077
788
194
666
503
992
449
174
2797
1174
374
455
910
590
490
1397
1391
1120
959
404
370
401
654
434
413
1337
905
1334
574
113
2329
1079
440
271
700
201
245
2161
283
267
721
705
1844
636
726
5510
412
367
470
718
557
213
707
1041
461
677
619
113
291
318
369
614
245
255
642
971
376
296
197
374
3952
1150
532
276
423
540
304
360
1041
2057
1282
890
1620
429
1570
6044
671
382
745
1174
518
1257
426
630
1152
387
1631
453
567
1460
229
2257
1347
121
569
1236
310
904
412
219
372
1533
779
1190
688
462
728
804
1017
358
439
1979
985
885
830
927
1059
614
506
685
294
234
166
1266
679
1611
261
707
566
435
1898
1251
1952
1056
229
435
414
1272
230
251
460
151
531
90
813
486
583
619
660
1749
1849
485
404
255
1221
1168
458
299
576
1028
1518
1466
1205
1636
269
334
1806
1533
450
526
802
380
727
1402
994
786
920
3940
1358
498
318
1760
685
611
148
2426
585
1159
330
202
408
1349
439
228
1210
967
897
468
272
237
346
3484
448
1901
1564
606
888
1443
774
1296
141
159
2714
712
273
1589
538
838
335
2134
762
1790
1119
4985
1502
973
318
930
368
334
330
173
226
190
173
1270
681
409
273
665
712
740
864
1676
856
3380
1341
416
293
197
509
467
718
1594
4583
438
2154
121
570
1654
1139
756
380
236
225
1103
289
422
1469
235
3447
528
82
233
1193
416
292
497
179
817
374
616
698
551
321
921
412
797
645
318
234
179
1882
428
252
1134
377
312
660
577
741
4848
302
2932
968
362
588
843
630
814
1052
637
486
649
396
496
1682
855
815
210
307
476
1243
115
201
188
514
320
390
639
1883
361
916
520
1777
959
304
618
204
413
1991
1114
552
560
778
527
279
1874
216
1487
680
2110
2968
2452
88
171
1372
1650
239
293
691
2532
465
315
188
816
5030
3655
209
293
718
375
245
2842
623
405
178
720
223
177
4514
336
180
744
1257
492
563
1469
179
1292
972
204
1006
298
391
1001
1496
959
611
651
1494
794
271
743
864
439
2544
437
450
1568
275
346
491
339
489
1069
1560
1178
1092
614
1688
259
747
330
952
903
991
200
288
294
1266
626
950
1004
367
1114
174
980
819
623
1049
499
1480
1140
770
1811
427
354
134
1004
565
1161
724
259
936
1405
304
2187
872
234
1013
1609
252
789
338
715
707
1354
592
1606
425
229
3331
800
272
1184
351
128
398
192
222
1136
3213
959
832
251
422
773
1282
291
478
2209
1345
517
468
997
913
324
2268
926
758
383
337
1066
824
1358
363
1812
636
710
590
206
274
455
1077
554
196
827
493
290
239
170
955
509
256
438
2101
821
417
1411
673
948
2610
194
1339
217
1204
572
1033
340
277
807
437
1137
2965
331
463
674
698
813
367
221
859
931
268
170
629
1345
309
1203
528
461
252
311
3987
3078
136
5169
635
493
694
553
523
726
305
752
2715
664
375
784
1117
103
419
528
814
407
1106
343
805
547
675
185
271
491
719
485
805
496
1477
2128
402
1529
178
1515
390
140
485
142
358
328
242
337
198
765
1904
412
313
1273
480
321
299
819
1806
1298
1398
474
204
628
229
718
1050
533
127
999
218
730
1540
1011
1183
423
782
222
745
234
826
355
636
1116
809
600
413
166
390
450
598
1877
420
628
507
430
3083
341
1993
1394
278
203
212
443
1994
3221
976
882
700
965
318
545
276
445
223
2934
706
1491
1228
418
1034
249
1065
2622
850
1081
1150
547
2900
335
191
3538
808
751
955
1419
1152
873
586
1612
206
696
2327
670
6124
590
1482
791
1756
434
1992
173
310
2000
2305
442
859
404
320
740
652
1139
1514
415
214
444
874
1159
1318
1248
655
1245
718
691
695
546
535
324
1357
336
1076
3563
256
474
429
1006
308
1133
334
302
546
576
348
682
3710
1238
804
265
1506
248
99
420
767
1914
3128
694
479
555
2779
1378
886
2872
1278
564
4182
747
408
240
650
799
308
243
885
612
583
1257
4080
410
297
866
278
3836
420
579
128
263
209
993
291
445
1301
391
888
903
264
315
521
654
449
1715
271
292
2364
1472
303
1003
2421
416
429
1542
942
1054
698
1495
245
2396
1449
777
1107
567
647
288
623
639
431
961
656
284
2303
568
413
1999
138
487
365
722
1365
934
842
534
1442
609
823
197
1230
982
464
693
405
807
1852
919
163
1627
2737
756
2975
444
335
507
752
347
1424
670
308
262
824
970
1909
2012
456
3505
1533
837
671
805
195
919
136
1247
853
1139
983
1627
1370
438
2714
271
330
812
707
424
146
612
1016
1001
776
324
2700
466
826
157
2177
2286
375
896
535
837
827
495
396
2640
414
1349
487
691
209
358
5019
883
400
522
2425
867
695
745
467
1261
544
880
280
842
701
794
523
1371
3046
480
544
328
416
620
1584
477
319
1062
661
1597
586
2415
2462
500
900
1015
439
507
934
513
160
184
384
530
1957
371
334
710
539
501
691
344
1471
350
3315
285
690
298
153
494
930
328
537
463
1962
957
247
264
330
377
4356
735
620
638
906
1203
584
521
134
1101
234
3016
244
2493
1782
743
1153
3677
737
386
341
2257
2788
629
767
82
2667
1577
623
534
809
501
1433
331
543
1007
2672
345
413
265
296
979
256
429
966
479
443
2442
1482
1777
1319
444
2457
536
393
968
771
999
234
393
175
645
2515
849
913
590
606
400
854
442
471
1021
479
1388
203
910
190
227
168
1448
742
538
153
693
926
484
822
263
4749
1016
1140
378
330
940
821
215
1133
1664
1608
942
578
189
519
223
724
477
1053
1092
1140
658
2937
173
4431
499
448
652
819
503
332
242
319
1030
608
776
187
1529
673
970
1822
444
586
209
317
237
895
485
262
902
315
1700
126
962
922
924
309
608
363
295
1233
132
249
1135
625
197
145
677
1013
746
1258
748
1034
389
598
1021
158
378
1019
810
550
843
785
301
422
1352
439
628
309
708
1466
537
813
583
192
1561
810
298
375
592
381
1340
4794
338
642
1453
312
420
253
222
645
501
1241
1383
127
141
521
670
558
1119
611
1446
1185
2425
249
633
579
1235
333
523
329
416
1064
511
863
370
425
596
378
964
804
1450
726
802
729
1313
978
410
438
1093
905
559
594
330
588
1823
745
266
786
365
290
734
1845
564
4197
136
680
382
2094
1381
1226
1889
566
634
809
166
1104
1764
687
2635
130
256
344
1041
1703
664
594
643
686
850
400
290
726
1274
515
352
586
494
917
2675
278
1911
1609
262
1401
144
728
1291
601
872
771
402
607
949
3653
969
679
775
306
414
620
335
427
448
610
410
349
309
1407
405
403
1854
206
1246
328
266
347
528
361
648
153
520
504
244
282
3582
493
426
420
533
186
1738
236
765
678
1002
1468
314
683
301
686
475
816
396
3923
825
1063
521
714
180
382
254
341
245
350
1460
2512
497
256
623
456
610
462
844
874
221
334
202
382
683
463
230
978
218
3248
451
1413
1059
439
211
1416
574
428
466
367
515
1043
185
689
147
2032
1133
244
351
483
547
196
2303
425
646
700
2914
644
2384
184
1691
752
852
502
277
165
1262
641
293
997
834
799
406
963
637
348
528
168
1298
1514
1362
539
551
1229
582
260
5995
1181
751
622
1167
490
385
350
820
490
389
1086
361
655
1177
165
592
541
981
652
544
2017
435
9331
279
440
1488
554
645
302
2582
1267
2927
96
260
209
489
1105
6447
666
694
473
283
931
995
387
807
512
2142
143
374
388
307
1016
1978
1032
502
1520
1074
344
451
1319
215
1350
351
175
861
769
326
252
382
5036
1625
454
3244
1075
499
242
881
1017
972
1345
343
641
156
591
1182
1373
230
221
438
786
436
1361
480
658
239
1076
396
334
1857
394
1002
506
589
1536
1267
573
2310
606
2234
759
747
356
794
867
301
1035
575
972
1546
861
659
795
365
3643
555
700
2742
140
1393
1063
675
310
1027
1207
904
381
381
1956
625
6197
501
496
613
143
437
1978
346
282
224
502
378
111
2006
1345
218
849
223
316
415
92
269
176
2290
1568
666
275
731
508
1723
5272
155
460
1645
504
330
417
1615
456
1803
2278
204
2113
275
3785
680
247
758
368
1274
932
642
320
137
499
1021
2823
488
1187
345
312
411
1082
1020
1441
2173
611
1518
628
1270
543
754
260
1385
718
962
389
1505
638
946
310
213
1579
782
317
1623
294
2025
1006
126
449
1378
759
351
188
460
620
3126
334
773
187
979
1137
423
1394
516
1575
1323
923
540
439
863
2555
790
397
601
1374
1340
372
368
1154
620
210
820
348
292
688
151
624
300
457
764
462
211
821
190
768
341
1488
91
568
160
623
1359
234
1435
2752
419
396
1072
259
508
342
1677
286
656
487
1160
871
329
431
259
494
944
413
2014
464
1443
193
734
379
4779
555
1302
1113
274
2080
1297
677
774
519
1316
977
170
262
1118
455
455
1546
291
443
571
809
680
321
205
1730
1540
417
767
404
721
510
218
536
1139
506
850
716
173
1106
1228
354
622
2739
462
258
811
294
683
742
567
736
894
594
372
257
291
326
404
309
435
602
246
281
352
355
366
617
606
1685
421
1318
808
458
632
2324
575
541
886
261
1735
553
530
223
792
967
217
153
480
302
476
400
216
291
459
1084
743
3871
267
224
1217
689
383
319
263
542
653
491
419
600
118
691
725
644
996
392
356
370
1244
375
2288
470
310
1391
1074
391
312
1293
1045
1461
886
1944
556
375
690
568
375
242
930
483
165
212
308
2007
893
842
417
346
1092
262
502
125
1975
627
457
210
517
1075
372
401
1062
1708
622
3170
448
1318
289
205
352
390
1202
713
179
214
379
386
387
932
291
396
681
299
1453
782
1666
299
495
188
385
756
1221
283
402
970
775
1729
523
781
1831
1578
832
590
1289
763
354
590
247
658
2513
427
226
507
742
522
717
496
367
1039
461
843
169
759
1423
1109
947
1270
274
341
783
275
298
1021
837
308
547
379
459
845
376
112
1059
560
258
683
411
1340
295
811
351
324
146
442
563
421
534
799
592
217
1239
838
1131
1183
710
1174
524
1002
663
212
335
900
646
208
1888
1903
1376
339
424
1633
461
2573
252
356
356
3352
544
378
1817
701
348
798
416
878
1246
1341
514
3758
171
2107
460
277
280
742
378
359
385
159
220
5089
401
460
367
307
300
1035
1334
924
465
167
861
1147
232
428
559
261
1554
724
443
185
617
512
135
1867
769
283
747
206
626
382
394
640
1610
326
241
573
659
233
871
267
957
406
133
546
230
1445
688
163
369
222
399
510
648
437
500
1237
751
2128
4296
1825
921
410
1645
445
1068
361
446
319
1981
445
1763
468
459
1452
2777
135
873
224
173
1041
451
924
435
848
2260
246
327
315
636
757
457
431
4124
521
877
579
206
991
812
920
301
192
306
465
557
1106
1358
680
131
1314
813
798
354
780
953
169
335
264
2788
522
751
369
1100
253
244
1014
275
1964
190
580
272
654
227
427
1197
311
586
1812
914
381
368
1015
302
777
772
559
552
512
659
613
1998
264
179
460
769
450
350
502
521
779
477
1057
1271
2129
3013
2314
501
410
472
534
469
732
446
2240
791
573
211
397
297
742
701
966
588
760
249
326
171
323
1897
1463
596
814
789
3017
713
1580
1837
2538
820
3045
759
591
1339
370
297
378
1278
4363
219
628
722
890
737
356
635
469
1723
249
603
168
282
2049
616
609
714
1385
322
1883
727
340
835
701
1193
1804
657
2476
719
414
602
1061
1780
471
401
444
254
208
340
1432
580
533
1163
1456
2493
1030
1474
323
240
1429
1549
788
195
684
300
584
311
4013
419
441
940
1235
710
605
566
438
354
771
604
425
344
461
1217
303
1801
1036
290
705
1678
2347
768
194
1381
2728
1268
334
966
316
535
1012
1767
1031
360
1092
1397
610
672
916
443
621
449
549
335
206
1054
1066
265
292
730
1117
637
629
284
294
232
3277
507
706
365
390
288
524
177
756
508
3714
176
552
1085
552
979
605
1020
857
1623
372
316
557
289
834
3496
239
132
630
169
170
1654
165
324
569
477
241
473
545
1278
608
195
671
184
879
193
2643
198
2373
3726
392
2188
352
459
429
161
891
754
6571
307
650
329
345
602
350
475
676
1371
368
770
940
262
453
660
703
659
235
662
520
369
864
456
589
1697
227
962
2011
379
224
874
1739
1455
1242
888
1332
1874
226
783
375
739
562
1078
316
199
2927
933
323
451
493
2740
1106
407
807
553
387
454
572
411
1570
2227
445
789
144
1318
390
258
200
945
720
732
313
250
775
182
266
414
541
203
347
2690
91
431
151
643
687
431
262
4190
479
1373
1768
600
193
198
599
307
1076
1278
1614
1146
372
1572
489
325
1138
1832
1612
301
2449
248
2448
258
917
1437
316
631
467
1335
299
543
807
888
393
608
455
384
517
600
978
918
2521
1895
220
353
1042
119
399
3016
534
241
452
487
472
392
257
592
2765
965
398
651
606
1357
316
386
307
557
874
1809
1008
1153
1314
564
630
832
639
1957
998
396
1380
616
1995
281
778
706
636
1308
491
2183
399
514
1217
2927
284
1813
417
1291
497
527
507
174
526
227
423
594
345
388
739
840
5120
1475
1114
578
442
831
484
2773
923
892
324
377
264
773
487
850
747
1053
564
2035
865
2487
546
422
910
445
459
1177
1283
629
262
511
660
1634
564
446
1978
350
741
956
837
1122
294
452
291
991
1183
695
409
193
334
468
1878
1037
256
183
555
389
672
369
1861
674
728
630
231
166
667
1026
501
553
584
1052
301
383
665
335
1194
2362
281
1590
1053
463
866
532
1793
709
356
282
987
271
713
370
1272
405
707
309
245
295
271
1499
713
473
906
3034
908
1010
291
1013
1862
480
1299
103
267
563
1439
813
641
335
1568
2566
1205
699
1420
368
326
455
1646
441
567
246
348
292
281
381
291
291
1698
774
354
293
443
1280
826
1097
324
1364
526
217
618
974
273
993
2452
272
1107
413
1142
436
355
658
974
314
729
1799
312
991
177
909
805
288
1284
300
333
493
379
2164
359
481
925
3066
228
1592
595
861
632
444
1441
140
440
584
349
265
986
390
431
171
721
704
524
1259
490
2354
205
218
270
438
230
287
337
431
552
667
394
180
377
525
450
668
282
1427
465
554
194
501
685
745
563
691
623
366
185
414
3681
1410
224
900
847
387
1498
511
1776
841
485
1199
185
720
415
475
503
360
459
234
1141
703
460
636
569
204
310
729
698
806
721
936
618
1109
1902
277
280
725
704
549
587
824
2205
950
382
428
745
3305
608
910
780
345
186
449
718
315
578
426
1136
295
1008
829
388
716
2128
1891
281
646
411
1592
434
232
357
940
210
3225
1768
1253
797
685
423
1599
828
1289
684
708
2310
426
871
968
824
420
1285
365
157
995
690
542
433
880
788
317
1676
855
848
908
480
764
974
1052
546
243
786
248
267
933
570
889
533
1842
230
1040
1054
837
1338
1300
896
900
255
1796
100
728
1464
939
846
699
2824
315
1015
866
355
2577
726
2992
323
1241
773
1003
1390
348
1082
1477
286
229
855
241
115
453
725
519
478
206
1011
425
595
1039
1969
1159
303
1441
2199
1368
1562
975
1997
371
423
1965
97
1539
261
471
1007
590
1928
224
289
656
721
1929
1057
1065
2018
264
295
773
381
415
532
360
399
163
332
638
893
657
847
665
1735
1096
392
485
166
383
684
675
675
373
641
3820
397
587
727
2121
465
469
1184
749
275
1162
568
186
401
305
2525
1276
761
1217
1060
1529
483
656
646
241
1005
216
3162
179
580
640
388
449
341
311
209
430
4026
1422
263
1562
249
1203
242
3106
610
1395
310
294
2796
1038
742
218
280
424
702
339
519
685
868
368
432
244
104
2226
3345
558
210
199
607
162
886
268
1141
334
874
871
1577
1136
908
953
387
289
810
1904
688
779
385
2648
476
322
265
702
369
1677
2307
813
439
1306
736
373
938
245
505
804
500
796
409
240
194
205
186
1158
1837
953
1280
131
636
754
434
955
1375
1327
932
446
1080
860
589
1925
736
1059
381
589
117
328
309
467
706
275
113
2620
1761
1321
845
385
858
831
227
487
540
897
481
487
3547
646
525
862
226
656
406
601
1452
490
1121
440
1179
1278
370
246
1189
555
318
326
756
263
640
296
562
400
606
1585
940
822
627
1024
622
774
554
428
416
418
433
1573
237
754
804
1533
534
818
1060
2119
228
1079
1734
1039
268
865
546
462
392
2278
889
2496
952
1473
323
1414
636
1887
472
1715
220
380
1376
234
3130
349
332
343
729
398
444
871
243
673
587
459
533
2684
503
702
187
321
287
340
294
1292
934
3074
1570
690
486
199
660
422
1072
517
2987
412
1074
1295
407
607
464
537
896
212
408
483
270
567
695
535
626
1167
461
625
1697
647
226
908
659
3051
235
340
686
423
559
583
1108
247
355
2409
1066
460
466
438
372
222
346
1313
501
1986
478
5925
443
641
420
377
485
422
318
419
358
125
261
495
1173
252
301
265
914
276
762
762
326
1537
193
748
4293
313
204
772
218
994
1114
894
311
702
381
434
349
387
1278
777
582
231
173
693
3490
269
1701
785
726
628
289
366
862
876
339
662
1115
634
272
1350
754
980
887
229
286
744
222
2589
182
435
963
452
431
567
999
278
608
221
949
764
932
397
887
1540
691
314
1726
492
334
233
1635
366
358
818
362
986
331
395
230
929
1559
447
845
801
470
683
686
1669
820
341
679
645
507
363
279
350
2040
258
374
691
792
1312
331
2476
802
158
312
637
440
633
2006
817
713
636
267
888
281
375
437
294
260
443
813
418
1792
798
92
578
421
302
543
892
406
512
375
2509
2541
909
939
2084
748
252
535
1519
670
478
307
527
1245
949
170
217
178
244
452
2983
777
2675
127
517
664
473
558
882
83
461
757
1251
2034
1392
609
329
417
389
984
959
933
237
1167
1754
842
295
1867
359
4489
2197
1147
1742
696
473
426
492
487
504
265
1294
568
1288
309
348
1983
638
1050
563
290
202
633
1417
1403
292
911
364
486
722
250
906
243
1071
861
411
541
962
423
401
468
721
1694
1318
381
1220
347
671
1421
282
2193
357
784
936
469
871
2125
877
879
637
2960
423
644
744
364
2045
1453
799
630
787
951
282
403
643
101
2063
509
914
434
427
307
824
802
274
1631
598
300
1978
510
275
647
878
525
1223
2265
460
1748
1591
620
671
569
1909
865
1394
594
3608
835
291
405
401
658
427
298
239
186
450
1052
1611
1081
463
363
433
618
757
1245
649
2136
427
249
134
443
278
2020
345
1970
2976
210
2776
1435
603
424
191
518
1093
598
1090
481
469
618
316
1045
379
483
777
620
361
167
1054
426
997
2815
716
350
330
348
318
1687
266
950
598
116
401
5908
2919
691
452
795
432
764
925
1106
2730
514
898
227
464
229
322
2879
247
599
488
882
482
1484
638
180
384
1302
775
606
2144
2304
2374
338
1140
665
672
541
135
407
598
370
123
296
1149
647
835
844
1279
1087
621
157
581
2731
1560
939
269
677
442
300
3279
273
463
326
547
973
582
794
182
3007
946
316
1353
990
314
1308
3435
377
168
249
982
844
211
808
337
685
589
488
1145
816
295
352
548
356
1282
724
1524
1304
185
463
302
509
1268
711
519
303
865
522
537
833
1249
507
244
790
1066
140
360
626
215
1573
524
417
639
446
526
755
358
877
437
246
469
346
262
189
275
671
594
171
1495
621
2045
1092
418
1175
413
560
324
554
755
235
195
535
198
1264
234
672
2585
173
425
306
894
1302
767
477
351
510
728
524
1299
218
439
219
359
1298
365
2601
997
611
270
214
994
1379
1235
1255
545
571
2360
693
548
250
307
484
583
622
1235
826
2113
415
274
729
1091
925
2500
705
761
601
1140
928
525
2298
634
596
2611
1192
2098
280
430
414
1139
719
462
241
606
2836
314
1829
1744
639
450
401
323
800
387
4352
662
1395
360
1093
347
409
256
139
202
145
730
440
258
726
994
478
412
442
445
1498
676
768
2676
680
455
1400
548
787
308
1464
563
1606
1967
1982
546
418
361
310
654
1111
377
259
872
350
665
285
1036
484
580
887
378
757
324
1023
408
155
819
1272
220
894
583
629
2717
475
492
542
3406
1056
1988
178
1412
679
1060
705
286
535
378
584
191
1008
203
2009
1404
3086
684
1839
285
558
427
368
1500
839
1971
278
2219
376
590
684
379
745
342
992
889
173
6771
964
3078
391
483
1200
200
2003
2462
2098
834
967
921
1117
301
278
529
818
471
165
848
767
669
130
1837
532
206
241
598
248
289
2023
100
1049
484
716
267
1811
348
232
622
1320
347
215
446
641
1997
842
3543
853
253
511
1443
1505
1514
1120
525
367
989
501
290
112
322
622
2811
345
386
1405
363
202
528
352
324
150
385
246
243
2075
431
1135
734
574
342
412
382
327
1715
425
359
1132
497
3086
984
294
111
1418
701
1043
587
1637
1672
217
391
2803
413
247
577
366
636
881
606
477
641
631
1046
2105
506
468
492
835
140
291
346
259
619
1125
177
380
2628
540
1274
719
383
406
449
751
462
1538
434
1682
333
1278
746
200
2411
157
1165
1504
712
267
862
1007
433
257
2763
747
1275
1103
1306
558
1336
561
92
407
1114
1167
1205
485
352
591
244
492
990
592
528
783
399
277
390
1089
523
417
2436
455
126
2799
859
395
401
682
173
181
557
1338
236
284
575
241
1665
1256
127
203
1001
809
298
477
389
1011
442
678
240
2452
716
215
775
407
417
466
505
794
357
825
942
857
1482
240
4272
584
341
209
1178
357
333
241
1547
3255
327
903
359
1462
407
510
891
405
466
446
302
106
198
254
2699
713
312
2746
1516
363
488
534
1432
195
199
507
1506
963
1103
515
1014
605
262
1261
359
314
474
448
361
866
1061
897
1847
1442
442
324
194
2659
339
404
839
622
326
2420
1147
824
223
528
427
1634
539
209
107
911
380
2383
1099
765
717
565
2022
850
278
1872
201
590
418
390
754
762
3372
526
308
1010
564
4321
3708
405
2133
1565
1485
759
375
1514
438
1630
228
1239
543
452
753
1195
653
680
979
945
336
303
127
1019
941
601
216
111
726
782
795
559
213
442
409
715
417
1514
457
611
275
178
2511
855
151
2432
1589
613
255
391
887
1512
326
364
550
154
3054
207
537
1908
585
798
192
968
288
310
752
609
2695
446
1089
355
1564
832
1976
415
578
375
489
549
533
430
886
1950
561
967
1548
686
233
477
1469
1471
1157
362
236
823
904
671
1037
470
756
410
937
799
808
1046
177
1298
509
637
1761
684
426
586
336
581
1484
302
489
165
503
1279
1262
1370
703
1000
984
685
396
597
593
294
311
663
363
220
506
491
361
1118
4955
852
1307
1708
1092
190
1953
995
166
4154
410
329
932
998
727
918
269
765
412
617
818
359
441
558
761
597
5734
1802
457
664
214
911
1727
233
1013
1659
1066
1151
1052
605
877
386
242
2936
2755
1411
1067
240
2105
446
493
565
1833
226
2992
308
408
922
1050
423
512
1126
1059
358
3869
2855
1099
1091
1529
199
913
792
2044
636
648
79
1153
1301
3082
220
220
636
350
453
390
768
635
439
1412
434
1878
355
334
610
421
239
3547
398
382
902
2489
800
319
299
630
499
1161
1233
300
368
920
1147
331
476
571
1495
429
707
900
244
577
418
990
1360
1185
1138
364
644
1092
1594
293
402
292
1117
524
1132
536
230
1615
444
4331
698
278
300
557
499
278
371
509
208
191
504
873
579
153
576
1612
779
1076
1315
1042
145
1291
513
635
372
605
221
858
165
181
796
752
210
695
390
238
1627
699
1622
452
278
1113
473
778
248
614
1317
983
688
170
1450
586
341
706
1068
282
434
354
560
420
1409
626
718
346
495
120
423
662
2236
537
1264
334
3530
583
424
456
734
411
157
555
304
1587
487
818
498
1480
331
163
1500
1783
111
475
409
172
478
320
631
840
3372
1493
841
585
2234
224
348
1173
139
464
401
268
1064
218
425
261
6182
350
311
781
511
372
250
1944
332
829
701
214
2303
1881
1379
519
1184
426
2457
522
1037
570
207
1008
418
390
1134
850
1374
862
709
652
715
254
823
498
5219
1880
1235
251
465
544
382
940
1426
237
1190
244
1078
313
267
961
270
1016
984
236
1500
879
685
3221
989
375
757
394
905
763
1009
1722
447
2024
4731
627
447
520
297
1786
974
166
677
369
1366
437
195
906
995
1852
304
373
164
167
353
3448
705
350
1368
515
873
296
522
1908
642
1163
368
887
1017
499
736
238
387
1801
669
1252
1054
672
632
841
420
2056
1338
939
173
669
353
217
988
285
1090
145
644
635
1013
481
570
1069
1509
514
6810
967
1515
577
679
965
460
494
898
603
3781
449
156
971
615
1061
1515
717
1411
915
967
297
1890
785
255
1731
785
1096
170
1475
744
230
192
476
2353
1078
647
238
1142
724
156
2729
793
115
1195
854
460
245
1793
487
1939
410
657
681
637
143
1017
641
2596
332
235
330
859
667
871
1976
292
448
211
1295
584
446
4183
444
603
1021
1425
903
372
287
803
810
817
273
740
108
702
363
592
1110
730
763
579
1184
448
695
3139
234
1208
738
391
767
246
375
1452
599
409
1121
349
442
430
498
166
1102
689
680
170
782
770
905
453
175
830
548
3132
592
286
1128
796
615
1342
493
302
1835
955
440
360
225
1291
388
255
340
679
751
1118
288
1144
1249
627
1214
588
198
668
435
596
210
745
237
2047
349
780
1123
1565
1415
2434
263
1253
584
950
318
504
565
285
314
552
1159
143
737
193
783
517
352
1144
930
598
3053
350
219
347
496
2704
471
1086
208
1129
388
226
1052
1693
643
2327
358
1149
710
266
475
273
204
1179
519
928
660
933
2464
388
686
518
2062
1714
149
440
1383
1575
377
503
268
460
875
332
724
639
597
548
934
395
428
623
351
110
316
296
634
245
307
867
1770
830
169
212
835
942
656
307
397
525
144
1420
716
611
565
1059
1073
842
1941
474
786
520
319
2891
710
394
1081
818
112
968
934
1145
2531
615
1378
401
463
1476
646
591
5035
130
874
1520
393
793
718
875
571
2929
302
1167
445
5545
487
1252
888
861
224
2236
508
325
771
301
365
763
602
497
289
415
229
372
472
2661
1230
1320
1098
118
478
121
688
454
326
1004
945
1326
3440
977
158
1621
351
684
1052
211
421
1422
1528
416
225
277
431
480
713
1544
4635
285
1088
174
354
2331
1841
575
226
2072
1009
1173
451
452
2493
156
2561
357
489
515
253
1036
192
129
1214
479
509
749
1698
1031
229
240
345
311
1211
191
296
346
766
508
710
245
396
174
1554
2897
750
397
1186
3792
209
580
2585
1739
842
1091
209
552
991
980
1362
535
1430
110
3559
1377
556
507
1150
394
1699
446
583
1615
357
460
707
596
1121
711
559
2777
464
399
341
772
3456
141
664
298
407
848
1066
391
256
265
619
487
183
175
496
212
649
1364
1842
1674
532
581
335
6084
1262
591
818
729
1375
1474
152
376
3591
255
383
366
573
1090
1372
1243
3618
880
662
1370
1265
473
706
3723
841
1230
1004
1956
1298
617
768
1967
619
287
195
922
1258
310
297
296
550
3302
1138
772
879
3436
2893
454
541
236
1003
304
336
558
871
776
1620
988
485
216
737
175
280
660
181
2068
508
705
261
158
364
829
463
244
882
799
3469
475
527
1210
582
940
565
1443
476
1183
1000
1057
700
936
1528
670
265
250
716
451
1283
426
1130
869
402
336
414
327
774
938
317
546
1186
211
912
1453
397
529
3391
293
253
2324
251
144
163
181
460
405
817
1438
5758
193
251
425
306
346
424
1264
496
315
322
287
513
221
257
596
3929
283
1571
1286
234
1743
993
726
1538
98
797
2643
569
428
360
159
1269
1414
401
564
569
485
833
415
197
1273
309
798
528
84
668
308
150
705
409
217
948
386
872
1476
986
2192
364
1241
398
858
192
969
190
397
2400
439
283
2003
187
448
337
140
516
1473
453
453
337
1988
212
2342
797
1844
1165
644
947
404
1461
829
1480
249
137
683
1123
410
627
573
936
1040
395
958
985
892
821
995
786
493
528
581
1622
153
633
1136
1267
2225
646
698
488
230
760
199
1595
460
1177
632
191
1450
386
621
3868
477
638
947
1283
765
317
192
191
403
755
185
683
1302
290
1598
814
113
341
1898
959
690
366
982
918
1050
658
301
393
603
329
729
272
1486
1031
196
339
1455
345
549
3501
170
344
513
1830
417
175
928
1949
852
1196
899
404
264
724
1597
569
550
3781
257
425
1010
318
473
280
388
761
415
1400
3290
288
793
436
561
268
991
408
513
507
472
714
470
919
675
315
476
161
667
486
270
1895
556
431
441
1651
545
274
477
445
251
617
769
349
761
892
1699
268
614
279
918
1020
438
331
223
537
275
177
836
688
595
1342
164
229
819
221
924
1029
705
271
296
1650
351
357
1004
680
541
1855
410
1271
2776
300
437
1593
207
397
589
257
1844
496
158
445
899
1301
100
560
897
398
307
857
1083
421
414
323
198
426
3870
288
413
236
613
627
353
304
1861
422
667
471
319
378
99
286
530
530
710
1155
403
1310
561
5460
517
895
1476
125
230
487
698
588
1070
713
491
1107
1179
221
3017
659
1582
1382
137
260
1344
1520
245
2830
505
543
1039
1030
297
169
764
337
2105
1886
1157
433
238
471
1033
950
950
654
331
2007
114
395
7266
793
1134
1532
192
457
120
986
212
222
287
1913
207
853
469
369
517
991
1323
271
478
139
948
150
1975
356
402
272
1166
660
392
599
669
195
1865
2797
799
534
527
151
536
1136
4539
285
162
374
764
377
1398
1894
593
397
570
495
416
980
231
425
2720
1241
574
203
977
860
1183
613
1609
3745
230
382
1451
744
2220
432
1863
1806
1183
260
213
247
472
1026
1919
601
384
164
480
185
923
897
1406
4510
175
1078
287
832
851
1444
539
374
624
1480
518
1095
865
387
628
214
366
782
801
454
460
485
967
1470
1205
488
759
410
413
511
220
163
1015
522
336
209
277
424
1048
546
487
774
1278
2902
4405
473
639
251
752
1025
2030
858
131
473
896
815
726
1304
857
1356
594
717
328
806
279
583
1363
1479
4413
1002
911
353
1172
1163
213
725
1059
611
994
1445
621
542
530
256
1087
678
846
719
1188
208
663
709
719
1682
1694
1579
323
522
1711
156
374
501
657
607
319
610
2321
148
1433
1157
489
442
181
455
729
175
1526
1164
343
740
551
336
247
955
789
2526
647
3522
213
387
791
1034
362
278
922
466
302
277
2692
2238
441
2469
482
284
1154
2173
735
249
1412
962
832
885
2089
254
1205
5071
2059
3228
683
866
652
1065
280
657
791
270
2251
826
2344
1041
966
300
199
442
507
1115
1404
229
1160
1946
1419
600
992
400
297
403
2171
1184
1743
858
352
329
1991
296
484
1772
1324
845
721
495
626
462
223
1259
487
118
402
666
877
632
822
2523
1339
196
1352
1314
307
384
269
1139
1222
2231
296
1070
1299
353
120
534
2686
856
1148
678
297
268
261
670
627
1753
534
838
1410
644
282
582
582
361
705
270
1556
982
265
906
916
1793
404
307
387
521
502
211
425
3661
431
490
1369
1009
1305
2882
284
918
441
156
648
2288
632
303
317
239
143
459
268
1002
116
947
738
525
1954
270
625
2565
670
215
299
1125
732
635
2651
292
146
862
347
532
543
1377
1274
695
591
1509
481
987
185
366
468
377
1486
198
789
1860
864
875
334
2307
401
682
291
94
358
4721
868
492
5362
644
1034
464
701
935
668
710
637
332
545
1551
458
1124
900
2498
988
632
144
430
258
1053
245
605
1124
236
142
485
1022
737
623
1697
369
2424
195
1763
244
365
499
324
715
327
329
4445
1158
374
1172
397
911
118
1742
537
2635
261
915
386
323
707
1316
217
440
427
486
271
663
519
462
394
885
441
195
1731
195
171
2329
815
502
2115
1059
359
810
729
518
355
653
166
1261
398
1109
1118
1136
699
567
278
242
340
588
820
1280
1185
928
1963
773
1623
2425
303
449
2262
943
273
841
431
3991
307
1155
246
580
396
504
517
506
319
1111
2173
2222
752
509
540
384
493
194
416
586
785
577
576
192
603
523
307
408
1181
431
987
385
3388
2094
478
229
840
1130
547
1022
406
1960
735
1172
319
318
412
501
751
677
1386
832
761
808
737
119
263
300
592
380
1115
504
828
2578
398
426
1241
681
1054
480
233
2166
578
1028
531
1294
340
1610
845
1679
558
322
655
588
226
842
1070
1010
1008
557
877
795
261
1319
286
600
321
1014
635
553
1289
2664
665
1315
1308
717
134
401
1774
292
442
851
861
534
481
1742
237
379
354
890
1364
643
497
424
1128
406
382
876
396
720
1085
246
615
544
1838
452
821
1018
292
206
532
1085
1838
464
569
1217
320
1669
237
1088
391
1766
411
559
439
406
259
518
239
1240
1595
652
656
722
302
1030
1357
1539
860
313
352
1081
766
820
503
825
2701
821
1921
1396
1284
4378
646
208
988
627
188
1112
600
280
478
609
421
621
190
497
696
542
503
842
734
199
1110
250
1539
815
375
460
1081
1187
151
443
582
820
2476
2935
1194
1009
1150
246
953
474
930
456
1013
213
727
332
209
203
1056
507
655
390
668
1032
2961
1053
1736
414
255
1577
259
504
302
409
2681
800
302
483
967
885
263
572
402
1846
194
3055
1267
1183
1245
361
405
512
1104
1176
924
865
571
327
257
533
224
2251
466
301
544
407
405
218
392
394
467
475
2415
1271
448
796
622
712
380
364
234
408
878
687
722
464
834
349
987
809
2319
270
563
509
153
2547
705
1254
1188
422
1070
442
845
217
368
936
990
416
204
384
572
477
3161
441
388
319
396
193
1023
113
244
492
561
412
628
185
818
270
463
430
701
1522
658
241
170
644
934
1834
568
528
2341
600
1235
260
841
297
701
300
366
1700
156
358
781
433
3259
1107
1043
1474
639
335
518
873
418
637
275
395
147
1959
1160
1360
264
370
884
627
128
437
359
451
461
195
501
423
497
944
554
438
561
565
604
3484
184
787
408
2955
1105
4824
514
549
425
1311
746
249
1727
274
1391
671
350
652
378
1677
1198
1880
433
1218
287
1062
1937
165
376
433
528
436
260
505
388
205
516
579
915
813
249
283
443
897
1791
488
320
628
196
751
1006
528
271
357
1334
787
709
359
2113
250
213
652
215
788
1199
347
534
630
1463
368
756
1162
206
765
271
204
268
611
680
2739
348
323
379
229
737
854
395
310
566
440
816
3149
299
733
962
2982
641
423
2480
571
1290
1252
957
565
400
705
1865
1661
200
605
666
728
573
481
354
300
330
226
1950
1071
1220
961
2794
311
373
408
346
760
1815
1010
122
399
764
978
522
636
580
306
3712
2839
1985
2482
389
761
637
267
465
5578
292
485
525
526
1850
454
3906
308
1657
920
692
135
350
280
571
431
566
1262
1539
526
889
773
721
318
1169
405
310
713
790
348
250
290
1082
1318
251
665
2092
184
496
668
344
704
508
357
610
471
1776
728
536
544
483
586
1207
1859
391
1234
1098
1405
306
530
528
1119
191
927
366
830
701
1197
139
652
231
357
440
663
1076
528
289
645
168
1821
525
695
608
651
1548
448
544
500
1348
582
481
483
406
290
428
114
278
1381
264
1056
211
806
467
475
1471
1207
722
1551
475
518
223
1708
306
1919
826
766
2907
632
3150
261
753
2530
1050
267
361
654
838
1034
528
685
332
1536
341
938
531
762
322
226
1001
325
696
1242
1425
453
1087
950
390
401
995
368
272
841
485
257
510
837
359
1118
791
521
670
507
1791
3543
565
326
405
768
1243
236
1788
1642
522
147
835
1118
498
248
411
472
715
178
1642
490
341
1054
2643
982
262
690
282
788
3361
1668
359
952
1479
823
302
587
671
2359
2631
553
304
911
1380
346
802
246
459
267
345
1529
428
880
478
542
1175
2984
753
484
555
776
633
599
531
582
1147
2921
1052
285
557
479
415
462
2632
784
445
1113
631
760
677
161
244
919
210
1757
577
450
2079
425
428
362
300
467
418
477
246
2086
152
334
954
1051
3082
2352
3285
732
5002
435
478
962
168
652
585
243
300
1298
1215
1405
530
1075
980
372
1025
657
267
1069
224
982
292
1490
213
624
245
300
321
333
484
636
1152
786
1774
393
1720
476
458
559
777
911
436
190
554
1284
509
239
629
627
1424
239
528
713
713
1827
623
532
540
1106
292
324
794
1271
254
569
2548
255
1548
731
709
1052
230
3638
1333
274
644
273
629
217
1653
308
559
1607
879
467
524
780
1491
417
228
728
596
1649
639
221
855
610
694
1953
186
484
1448
562
670
610
363
584
195
911
275
256
753
1221
252
614
799
407
1221
554
95
218
277
888
421
1187
417
266
748
2365
271
570
1227
1129
731
898
526
191
344
1100
608
772
548
539
140
339
274
699
333
517
543
1143
324
274
1292
280
170
398
307
381
378
318
175
3118
91
691
479
637
2204
361
332
545
569
662
634
953
1067
1949
212
733
474
834
166
426
2707
174
1400
1008
180
171
579
761
819
1171
1053
1122
337
434
669
786
270
499
308
1050
610
1172
379
620
368
483
528
383
148
533
415
480
869
739
413
405
232
249
1518
732
533
2276
615
911
386
164
683
180
2502
212
706
1738
677
353
1112
344
660
1773
1412
1648
428
704
496
1915
125
268
726
273
297
402
2087
315
852
562
414
450
332
874
3228
1126
827
1036
742
482
367
875
671
507
302
592
648
3513
1252
242
827
431
1053
938
1729
791
271
791
604
1429
3502
453
1044
1406
4106
670
510
336
362
170
436
1120
1205
302
4539
732
1162
516
432
582
275
467
1540
645
653
374
885
1119
3539
886
304
321
2312
525
213
501
492
835
439
249
3966
909
793
750
252
468
481
679
604
543
1184
226
1328
537
3694
4546
573
373
415
1858
403
105
731
157
263
282
589
456
1058
263
260
597
201
327
319
4564
174
1542
220
414
1404
1194
490
353
974
262
318
197
899
380
610
320
870
680
1286
1255
481
1088
463
200
688
586
2118
1278
1344
567
434
736
306
303
769
2142
1309
448
276
321
319
481
910
313
559
951
340
363
672
1143
2344
430
657
225
411
229
562
175
248
1615
580
252
523
608
387
1468
1670
550
2243
283
655
2614
374
330
434
4003
412
254
402
117
365
456
1431
638
524
1543
1904
151
791
1358
734
317
1096
405
335
465
413
509
353
358
280
614
440
361
2780
2457
356
496
838
205
68
578
666
910
261
744
678
327
444
1276
3588
401
434
1146
519
226
952
2364
348
1339
779
359
427
227
362
2815
2602
3971
196
442
2541
1208
2143
1272
467
1541
732
588
351
282
1264
1081
881
597
307
351
1673
198
200
579
2349
299
247
877
281
1315
863
752
317
393
303
2396
435
83
958
583
182
872
1150
183
1136
984
189
2100
709
284
930
1304
1360
6273
143
184
1594
1928
872
716
204
366
455
525
370
1913
733
547
318
484
2326
3119
1093
1396
229
465
4737
948
706
316
1481
638
747
596
3229
1154
284
1042
959
1515
238
792
397
907
775
1326
701
275
711
684
641
1505
1759
1044
1500
248
349
706
8325
258
271
369
773
1458
1128
565
2116
349
637
661
469
343
732
1130
130
410
1121
545
969
411
404
1088
944
797
1620
2760
3466
2348
577
561
640
747
1058
526
539
2438
361
392
3507
342
121
508
268
2071
1147
247
1195
514
350
478
195
1090
809
576
3172
431
1685
194
547
724
585
877
1424
129
481
351
701
756
204
214
616
1043
1405
1126
634
515
1282
1105
1796
1966
498
309
977
895
709
686
582
594
196
283
286
1042
579
242
201
1350
207
212
1015
353
382
631
538
1015
938
221
1116
272
1043
352
737
623
673
531
646
440
215
154
450
2629
2014
501
542
536
181
982
281
1049
319
156
1626
1415
2064
550
314
415
1463
262
932
952
296
200
597
769
178
210
1419
539
393
217
277
142
1914
278
737
982
436
181
898
265
679
351
1509
483
1044
646
491
525
240
649
544
277
570
1978
199
1161
354
2287
909
200
1128
684
298
541
440
211
138
563
1945
390
761
523
344
1591
653
83
985
181
528
1064
2112
396
514
535
831
342
986
952
472
370
305
398
227
1026
432
437
328
663
417
740
653
306
1229
402
476
527
560
374
2530
367
346
179
787
1137
536
391
491
1006
798
1112
496
1062
764
883
736
700
408
1235
439
2089
316
225
349
259
876
491
485
548
837
1159
207
810
1489
267
270
341
333
735
291
373
265
556
249
410
734
704
644
774
595
1153
226
1363
585
2231
735
814
525
2163
1580
404
904
1071
672
760
195
397
159
220
267
276
529
227
280
254
581
382
4599
790
1250
941
680
1312
1254
1509
202
1350
366
385
454
615
4385
1287
487
313
419
767
337
708
468
2406
1173
339
170
1248
544
554
371
122
413
569
461
294
1068
363
303
595
153
1363
189
188
197
676
571
265
1771
853
521
648
4174
1061
372
423
314
623
432
1268
352
740
593
185
1846
877
731
970
711
196
492
621
2492
2396
1052
645
282
502
1042
685
769
315
232
1068
908
739
535
1103
539
583
220
949
253
824
944
169
1175
161
534
91
327
592
844
409
521
514
153
1288
419
589
3175
414
254
840
397
602
806
643
1297
751
589
336
207
657
827
261
764
222
899
619
570
2399
311
1096
580
190
253
238
250
190
1218
1418
2280
1115
337
224
737
440
1286
2846
599
290
2213
445
1839
1238
277
1401
856
796
563
623
710
250
431
260
442
886
939
630
276
806
210
1730
1760
409
396
698
1400
944
271
1048
1990
331
122
3082
1591
501
259
827
386
385
3447
440
292
157
498
564
322
704
661
1035
639
442
359
659
514
517
1536
182
1730
491
906
361
1133
229
2075
292
799
169
568
280
406
1246
206
802
941
1601
743
2456
325
485
324
1802
267
2939
403
744
144
243
1122
768
517
1976
364
2100
224
354
417
1026
331
520
423
9925
2146
390
506
1413
644
337
831
1337
239
423
265
368
891
419
858
818
692
434
2337
255
426
129
803
1476
1565
264
1964
488
1474
404
773
1178
1362
396
432
578
447
468
692
714
1587
1153
531
790
337
742
2882
165
776
1071
392
140
547
1306
265
1017
842
1721
683
213
727
259
441
405
1569
680
915
1676
713
279
173
1222
182
635
653
660
962
418
347
516
1424
826
216
909
1547
1150
775
329
725
262
921
552
401
280
296
557
446
857
1318
1216
186
406
1590
1020
991
855
105
301
473
667
958
512
1480
406
744
484
339
513
2218
379
1342
440
706
1277
934
1678
526
1623
561
307
310
830
651
620
2784
296
229
579
617
1051
280
1302
195
870
358
691
312
260
171
651
922
559
578
1958
1106
373
664
184
389
1024
183
488
503
717
569
3579
263
1680
312
611
416
673
434
1224
558
251
215
231
553
254
872
840
726
353
729
365
268
1247
247
590
227
215
1969
1243
644
881
542
184
346
796
276
513
265
185
1138
259
591
338
1233
272
323
1575
1987
2084
2127
181
1046
167
395
148
1134
950
429
2026
445
248
829
1704
1302
1243
630
975
541
536
1637
680
2920
968
1384
624
885
445
313
860
1217
532
2508
559
479
538
959
3467
935
268
936
646
642
204
300
354
1320
625
867
525
239
315
1357
343
1098
271
863
2621
698
671
292
289
863
1336
528
304
1305
472
865
471
520
697
423
246
1119
610
1250
870
229
947
973
388
1519
776
397
391
1001
146
223
165
725
315
662
1275
207
748
382
441
529
2223
1371
243
1098
973
534
155
1339
1507
1276
408
1260
2117
300
150
807
627
412
975
526
596
341
368
554
738
1123
1202
659
1787
384
114
191
711
1157
368
841
2069
980
507
692
215
369
1148
1465
684
222
468
655
201
379
1795
2293
397
528
417
1128
489
1461
979
188
539
731
127
1837
169
1264
620
810
561
949
396
1911
569
604
526
509
671
317
1612
650
483
487
396
779
536
2070
199
625
1590
1179
1007
1900
1059
322
819
296
3279
1959
220
592
3905
865
545
503
392
535
3146
1147
1441
1128
2063
320
259
771
511
193
539
478
281
1083
282
400
919
235
530
3461
1190
246
649
467
807
735
464
1686
391
953
875
486
417
1522
1012
149
1529
300
760
262
689
1825
853
400
580
1177
513
101
547
853
2817
581
477
889
2278
418
494
1051
2333
2312
441
935
492
1415
653
461
1445
97
933
216
421
807
259
666
437
1094
1412
471
519
524
194
695
1662
1139
439
536
1760
2424
684
452
2452
562
435
422
5635
418
1324
322
281
217
1022
721
286
632
364
877
170
777
123
653
1750
957
843
785
432
1156
263
519
347
1610
362
463
984
285
495
390
304
665
929
116
271
179
551
777
410
123
680
410
1035
1065
526
384
224
1460
828
569
958
888
163
581
315
410
1943
2078
629
1155
166
2971
482
1136
1838
1520
513
452
1348
680
907
2660
341
648
521
2021
559
1078
240
2122
441
227
185
231
749
131
1009
205
1292
299
601
711
195
425
1585
321
195
245
220
358
511
618
2055
462
415
302
528
3211
877
482
740
478
562
1355
1127
478
834
690
322
418
819
913
316
1887
429
319
450
892
436
1386
444
1577
286
135
2163
261
167
285
1155
372
487
341
628
1889
453
570
1118
860
943
925
1283
234
1530
2343
713
307
531
2969
518
1771
604
190
312
376
3363
289
405
659
2548
3738
1783
581
595
176
706
740
326
2010
1101
2250
1310
273
1241
890
150
1301
1482
374
364
93
549
128
490
484
218
1777
873
1350
1855
661
607
303
957
2491
443
1723
725
1389
972
597
472
905
450
236
526
3862
716
476
1448
1155
521
529
1616
2467
1729
189
360
872
387
295
683
1310
545
1316
770
243
287
970
1372
1308
370
483
324
568
428
2506
1337
517
242
347
166
906
1314
370
1525
246
188
263
256
849
542
1302
714
1011
359
1313
762
345
296
453
1970
752
400
581
949
1444
1009
1859
699
355
1521
3283
796
162
253
1285
360
284
598
460
360
2104
207
766
702
2691
1833
2214
1023
1211
2103
544
581
906
721
246
225
458
131
466
463
988
802
538
171
442
1031
801
1006
975
511
2157
628
202
184
256
952
448
413
1157
331
263
3295
1274
517
204
927
327
564
410
916
450
1483
402
514
1082
322
205
413
1744
201
285
597
1655
786
406
349
1038
173
559
433
327
812
3321
770
368
130
504
303
331
2044
576
625
2756
1717
340
230
723
1138
1106
854
573
487
2513
344
196
778
1333
2418
924
1698
317
914
2002
269
491
291
293
489
189
246
1754
572
250
476
493
944
789
1072
1161
116
201
1250
635
895
1504
254
904
647
568
573
515
171
1034
1142
359
309
246
719
941
263
617
364
477
1052
176
896
749
590
633
1063
541
236
1027
1407
475
290
2243
402
249
343
850
376
367
151
851
682
1583
598
1093
455
646
1225
183
664
1116
840
1143
358
577
578
1201
257
630
416
624
1621
705
465
612
816
609
541
653
1376
693
553
379
678
307
1674
264
2005
173
481
788
329
980
521
365
684
421
377
703
794
182
1178
1316
1307
795
550
990
1291
632
962
687
535
781
2017
189
1513
1327
846
1212
360
239
896
607
714
488
1176
588
1162
1803
1873
3202
580
445
5238
956
1179
817
563
1503
153
234
178
261
600
791
2826
761
3551
2247
730
610
483
541
558
383
284
438
158
888
1120
627
1321
398
532
1080
593
458
621
3042
628
538
3447
453
335
427
916
553
248
864
1331
529
334
497
1240
504
1130
721
599
165
807
527
5602
812
419
325
316
606
502
442
285
419
1846
337
506
506
749
2380
708
129
706
3831
603
676
987
350
180
633
1061
216
1433
370
1240
1321
2444
775
450
162
420
245
825
2376
459
785
2412
540
287
198
946
559
332
1099
573
3225
547
368
270
2364
270
799
634
399
310
1095
148
511
220
2196
407
1114
263
778
1192
402
667
1347
669
251
354
288
1106
728
754
349
979
401
900
525
463
865
150
557
405
500
1398
453
715
1082
582
695
173
2555
812
290
772
241
1605
693
451
2964
295
257
248
780
260
296
2726
387
4873
301
391
794
292
470
286
216
1222
187
362
556
1730
763
568
1837
540
179
830
158
406
206
1089
623
293
158
808
731
132
782
1500
298
367
881
158
362
240
1065
247
748
169
1877
1307
244
151
273
211
633
707
2188
279
1162
1290
571
642
343
483
467
510
524
392
336
619
188
543
877
606
221
423
789
441
1339
234
381
288
2757
102
657
242
481
704
310
237
459
417
1442
648
982
778
403
1716
893
1075
505
2445
1750
697
1381
655
426
813
2669
936
619
857
99
418
717
472
1050
713
833
173
612
1253
539
374
294
175
360
751
1794
1095
555
3679
534
2231
1026
449
551
1088
335
3328
437
597
269
348
137
241
1636
444
357
1145
1649
444
798
832
1072
389
636
1642
802
620
1117
715
2912
597
739
822
1380
1014
496
532
297
265
715
1936
660
1075
1606
2970
792
894
962
2242
655
1447
161
1818
1401
1515
115
243
205
697
1467
192
2318
180
204
291
481
197
1046
472
670
559
2895
1123
893
442
627
361
1207
358
237
555
508
327
752
1573
1482
3590
677
3969
1160
1372
1153
1272
1143
2362
377
663
727
580
358
359
178
488
756
672
759
684
1094
365
486
393
1566
250
723
272
1138
378
337
1093
1197
157
853
237
732
857
164
1671
556
340
863
273
3000
330
356
670
2872
102
435
427
269
2631
600
1690
1071
1762
304
404
630
280
325
373
374
646
535
179
663
339
641
1236
358
1934
139
1143
357
3230
567
505
850
371
1616
376
1026
1643
544
2075
1433
876
205
595
521
131
866
305
1000
1074
345
398
747
834
253
486
1366
2882
223
1709
463
2430
1502
744
182
251
476
823
1524
815
503
4082
345
248
636
394
4494
264
384
386
674
287
723
983
1447
1050
499
304
380
1608
319
431
3901
476
319
338
329
1325
1628
220
363
951
486
387
495
4855
745
887
4917
250
2193
632
787
696
474
254
172
330
668
467
422
696
457
1242
324
161
1102
138
195
808
293
400
470
706
271
327
231
216
497
283
704
361
356
1263
407
686
553
1560
152
1640
437
409
305
372
288
694
657
949
562
362
230
1408
563
526
241
322
273
286
268
1531
613
587
568
121
725
185
289
210
1622
1371
257
1060
286
304
1497
327
753
393
4044
1212
1773
652
929
390
389
118
203
1226
573
450
360
1341
238
539
1873
683
1240
726
1369
676
1124
233
431
337
219
3095
925
344
458
693
287
609
1778
1199
370
512
517
1158
618
6217
614
265
303
531
648
877
1114
501
827
1051
371
358
406
420
847
1289
263
524
282
1605
1053
1464
211
224
581
1952
751
277
384
275
668
141
292
402
633
577
504
922
1549
193
836
5363
239
444
688
2060
164
160
403
929
114
241
819
1002
1288
1544
306
743
636
464
505
1058
483
673
804
140
2105
322
446
1246
357
1765
904
367
190
503
426
3467
994
901
421
1818
213
634
687
461
560
1178
1384
541
2821
288
266
1301
1104
977
937
347
402
198
656
3141
471
343
285
1059
315
288
589
380
959
1215
1394
562
378
824
767
388
369
4893
187
312
327
378
384
1205
414
569
1036
292
1246
374
1582
511
721
783
727
1094
2640
225
1302
133
408
243
276
515
168
525
835
729
189
711
606
407
530
266
200
535
1367
755
242
176
91
1134
327
719
288
1358
636
287
2488
858
343
871
653
1496
956
402
292
251
1200
1656
2234
636
1877
1489
382
645
1463
335
317
416
771
1325
910
1405
3033
559
2504
546
170
1904
562
1116
722
483
517
355
760
1255
622
934
320
953
269
753
823
240
191
701
211
632
1006
343
374
385
516
2796
797
254
262
197
1854
405
313
135
584
343
1223
300
1535
329
552
919
475
839
386
222
413
192
705
792
454
507
664
837
930
1263
199
1257
221
660
1437
1213
63
384
522
466
2271
507
892
2522
654
596
388
252
900
347
1013
1249
1243
297
293
345
1287
237
102
554
1245
520
1816
1147
449
518
756
926
869
395
615
142
325
468
653
922
480
1046
195
2423
580
544
3067
1484
689
701
178
468
312
1904
549
4483
255
509
553
2462
301
880
256
193
641
518
694
475
974
1489
254
294
708
1102
2060
407
1143
552
1138
430
922
222
717
149
697
1213
746
302
421
400
461
853
412
1473
347
792
335
1394
256
234
359
197
1345
352
987
592
786
1424
429
157
135
331
244
529
1092
277
1229
157
501
327
2692
1199
267
1115
1655
381
759
241
1225
630
2204
443
2554
505
639
552
528
603
2305
449
195
512
352
473
2077
1048
1950
2303
885
938
278
1478
119
2107
405
2736
599
416
2120
1542
2113
508
795
643
374
969
557
435
847
283
393
656
495
495
1502
553
554
437
1184
1169
634
1159
425
259
972
525
554
1404
439
488
396
653
912
497
3153
412
1028
1147
103
488
91
257
3692
634
412
3995
562
1192
2155
632
643
312
216
624
758
1148
337
498
839
212
103
687
958
143
1356
224
880
298
364
875
2432
527
505
345
119
1214
701
494
286
640
867
2339
346
461
1295
700
194
1070
209
424
685
572
1129
1139
137
2222
530
402
647
1283
176
306
1830
635
460
311
293
475
130
381
728
286
469
533
397
652
426
314
902
697
956
437
3080
590
929
550
2654
1306
548
2149
413
720
487
2891
1296
480
431
2179
548
1418
953
178
334
1008
741
243
356
2094
102
1159
3803
1164
503
481
404
533
254
896
339
916
168
585
1436
679
2653
670
513
421
204
383
687
286
1293
589
939
129
773
671
1302
355
986
631
435
828
185
252
295
932
671
291
354
367
202
1783
774
3994
1250
145
262
664
134
174
478
287
238
763
5625
2075
225
378
1917
1914
587
2074
629
451
589
697
323
669
725
1169
504
1206
1617
359
448
295
367
174
126
325
90
999
456
296
2098
382
2475
94
2144
538
557
1869
259
1066
281
557
676
324
249
222
520
505
751
359
432
2336
566
275
86
717
1934
265
1185
597
326
311
889
230
1033
2851
258
2856
1784
288
243
267
1327
90
250
850
274
862
810
334
852
979
279
681
532
1032
483
978
228
2372
508
1646
470
236
258
284
354
1000
1066
794
647
748
373
302
2042
1259
989
499
425
2604
1355
539
606
107
384
1802
436
551
888
1102
1032
1827
583
830
114
530
521
493
910
443
565
620
701
1084
3176
320
1280
1858
421
348
209
616
1383
651
779
772
196
1522
1113
407
862
493
323
158
253
242
1135
385
481
780
2997
901
882
498
341
2064
352
195
607
529
200
428
793
507
293
535
308
616
572
372
2325
732
250
2050
1591
782
2389
596
1645
355
1419
985
1903
505
561
300
503
1808
389
1085
529
1370
2334
4726
761
112
549
448
366
246
1501
865
558
734
549
1134
166
272
1361
596
1016
697
370
433
237
598
411
2248
439
130
1830
910
370
1144
1951
318
244
593
485
346
1255
1306
992
4294
658
481
338
962
970
624
929
484
212
362
487
738
1109
138
479
680
1509
829
204
888
1169
244
2089
490
351
215
648
103
322
392
706
279
575
192
1939
1777
152
918
136
451
321
1926
343
1225
3043
257
649
1074
422
271
289
376
1218
550
933
348
582
796
868
94
998
881
861
2781
359
1334
218
694
557
996
262
571
801
1282
496
413
582
2255
745
366
328
408
701
1342
1022
990
875
1626
158
1119
993
351
237
1139
304
711
154
1427
439
173
1490
992
720
1896
215
152
1721
334
336
1093
680
895
686
4336
322
193
1899
275
596
1067
389
534
380
1011
1335
189
3062
520
324
519
492
507
241
467
1002
604
817
305
748
1449
245
302
3300
380
1852
329
1273
900
131
1959
376
786
633
457
740
368
337
419
774
223
114
405
172
282
2638
594
367
599
739
169
165
451
303
537
885
324
757
1167
389
947
2330
706
631
1244
679
2059
731
466
421
1059
587
421
413
1172
524
371
911
253
616
463
607
260
962
856
419
354
111
618
753
221
213
289
302
394
401
357
834
274
861
348
1856
1135
537
462
674
824
1147
390
758
869
788
970
381
433
354
1299
249
607
607
570
352
651
3935
276
338
472
1091
225
233
171
1181
728
448
1766
448
160
559
827
494
296
519
445
501
379
246
660
239
244
993
869
328
281
478
503
599
1353
3584
288
726
425
258
1594
287
674
309
517
1069
1054
1195
2007
583
341
1405
562
1333
428
530
465
317
954
1215
516
542
432
910
986
838
328
316
539
3479
738
1981
601
305
523
626
281
1563
568
538
2069
301
416
757
693
1164
511
935
343
2277
1002
197
413
483
716
733
2535
472
320
486
2400
1899
998
368
1562
774
1832
618
638
294
744
1379
363
137
136
529
741
249
561
347
281
990
1379
452
618
2341
650
358
618
928
128
749
298
693
1100
736
575
630
1561
1173
564
587
483
1248
608
561
728
460
302
1412
304
1126
354
297
3670
216
807
315
1290
1882
3704
631
342
917
538
1367
479
206
1586
686
547
3685
210
605
867
613
1252
3144
2277
1565
561
3018
557
1321
802
1156
282
795
1149
1891
223
497
397
228
365
483
644
569
364
393
274
1804
254
4033
581
958
1157
1123
754
653
178
476
903
234
639
304
3831
383
369
426
2920
643
2806
570
173
763
1225
789
1977
282
746
467
1085
976
2386
1156
313
748
191
272
203
428
1057
1085
833
1214
536
217
2056
209
375
143
656
2417
609
1745
675
572
326
249
540
1774
1921
406
1197
1307
1902
652
1775
2227
302
3700
588
318
1704
483
530
327
648
738
415
783
263
696
379
1690
814
577
1444
1004
394
1210
165
183
317
550
707
2025
473
684
721
778
822
772
1856
263
718
187
195
519
254
1933
1033
778
279
336
2395
684
1991
4379
1941
492
137
356
777
540
255
189
1109
1048
702
1566
677
3482
356
1085
503
613
834
262
143
1010
344
2065
1132
239
433
188
1260
447
3470
1072
272
1459
221
307
2172
125
1014
486
610
832
352
854
384
944
470
916
611
778
3320
111
2152
1093
357
327
303
1835
504
894
339
325
1153
885
443
309
234
3555
2035
720
2303
249
627
1082
464
393
479
269
997
1126
157
203
1033
850
841
950
816
177
338
239
1093
1144
524
231
318
1041
316
114
1309
838
475
1221
355
334
387
1452
465
381
768
539
1354
1175
587
553
1289
2354
151
1978
963
1174
405
2218
799
952
440
460
642
719
1603
769
684
1491
627
479
819
2270
361
1576
1864
1788
579
691
795
582
304
988
205
132
603
471
286
406
336
273
946
1002
1444
1168
331
265
766
426
1583
396
277
632
393
768
641
267
314
283
907
577
130
1472
483
915
340
470
560
281
516
115
2943
513
359
839
975
245
468
429
472
680
751
1706
447
698
811
371
745
1988
171
285
294
1552
409
745
712
1086
242
278
1155
1732
300
1414
683
275
754
1407
1553
1294
3658
470
674
100
1766
484
216
1938
405
657
1198
546
649
1138
330
664
154
1079
225
526
526
545
315
1203
390
1743
1847
214
1047
4023
577
236
929
205
365
3037
388
804
803
190
822
902
167
1467
626
392
567
3142
1148
818
328
769
490
335
593
962
155
270
527
237
3006
677
712
674
1153
439
667
419
437
566
698
1606
2121
298
352
468
1103
376
1037
384
202
540
604
1437
401
375
811
2021
635
609
1277
969
3713
404
1126
801
1267
269
400
139
2076
2482
539
446
1902
1356
561
1654
2152
499
285
617
268
215
1573
715
946
465
799
922
1049
230
1751
921
680
899
236
737
798
664
1695
509
560
516
599
1771
795
484
695
483
1349
1663
643
374
2130
626
311
159
387
382
758
4472
294
295
1705
187
747
588
3540
450
281
259
421
1588
387
1306
181
1814
164
373
441
1779
444
522
235
440
2111
1144
361
394
650
272
428
1085
601
198
641
4242
174
555
799
882
321
1809
1820
400
280
741
462
3281
1860
736
726
268
202
696
842
595
2493
828
930
1802
232
1044
336
289
259
870
414
105
328
473
888
744
1485
546
1479
1988
438
602
339
719
716
830
405
584
1048
175
1380
461
250
1411
606
793
388
2196
2539
813
233
595
465
1178
381
434
2066
478
949
959
1584
440
1825
1644
723
540
1158
161
508
1269
939
1414
147
581
781
760
1135
170
313
1512
253
174
444
1963
255
941
657
697
366
384
167
1724
820
391
632
842
3655
125
600
1442
306
157
879
1851
857
220
892
477
225
247
397
2085
3657
319
120
255
585
277
814
267
950
533
2413
747
180
1853
699
1420
587
381
242
593
1405
288
232
463
1444
375
1426
639
294
1031
1336
1324
172
346
423
1014
2247
627
1339
907
689
325
380
1574
1060
603
290
1279
331
511
1119
491
2167
1335
835
862
1519
211
207
236
809
1213
1298
2365
1622
865
398
420
705
587
286
561
134
757
1184
420
376
2110
585
855
666
175
1036
585
265
691
653
626
597
899
375
5093
313
726
477
852
669
289
279
668
645
948
560
569
404
507
1716
1421
362
190
813
805
242
386
245
1486
571
1387
194
709
603
534
360
790
211
1091
175
331
2788
1084
1248
528
242
490
344
1040
302
269
267
548
465
386
519
1383
287
843
495
375
216
223
595
1220
482
650
1238
4506
491
591
195
1037
609
6184
109
743
295
185
2635
795
310
700
745
884
232
435
539
2409
1167
1005
270
866
353
337
1295
816
851
1198
537
1025
158
1393
790
2305
725
688
796
555
1115
1144
262
1205
275
1070
714
1086
698
2707
1264
2416
503
747
1888
2115
1665
1213
975
718
689
318
1790
1363
449
522
472
1196
257
259
251
783
212
265
833
401
6870
1221
763
475
332
1246
522
545
407
392
2092
1280
354
604
1618
460
1200
309
452
332
350
1452
1678
439
294
363
420
185
594
856
795
703
1297
614
273
855
1628
541
889
217
502
635
2133
385
1251
1000
510
1905
893
486
4663
822
384
1176
1153
276
681
690
580
697
1546
767
584
322
2797
781
550
2426
449
427
1058
780
286
755
1550
1676
204
655
222
672
381
345
501
629
1120
966
286
752
534
1418
344
3491
1006
1203
813
1221
527
192
2180
158
972
967
915
324
260
536
111
328
1155
200
838
1368
1164
388
292
585
603
1326
228
1074
341
1442
756
213
1487
373
1629
348
467
331
371
1394
212
404
1914
366
707
766
545
321
221
476
1070
3479
763
1279
1772
423
223
1168
283
1915
3499
569
422
1595
631
158
348
836
293
385
1012
651
579
839
2802
306
310
131
865
636
349
111
1200
1515
3100
1016
1129
1121
525
974
681
308
297
886
368
391
333
643
682
606
424
480
449
1445
407
1429
389
1389
485
729
265
658
622
1973
349
156
1152
938
216
974
767
367
225
408
349
354
704
3253
162
832
766
765
868
671
272
613
194
563
815
395
417
742
543
646
742
851
637
393
187
1686
1735
1038
321
168
374
588
246
1142
1233
1399
606
1917
418
97
622
1652
490
1464
501
1393
1182
2458
402
258
1004
865
191
1937
1417
374
637
287
489
231
285
277
214
389
449
782
262
348
2474
1256
1404
1116
1035
962
359
366
3189
1557
164
2079
212
320
1166
380
565
1143
323
431
230
2852
591
273
188
701
627
285
518
1128
2643
830
883
782
7531
1211
712
696
218
1579
816
1383
647
310
423
1355
514
447
449
3435
304
144
140
221
497
1591
371
927
991
376
452
282
267
2295
151
621
1012
1927
227
968
545
898
1406
824
3323
396
1686
410
194
788
217
326
548
1808
126
1176
508
304
528
655
1911
752
342
809
248
211
159
531
350
2900
469
369
1133
504
872
170
1123
1378
289
727
1152
444
282
396
238
666
258
812
878
747
1045
273
288
439
571
1078
722
434
632
338
212
700
471
179
260
706
2495
844
2384
1410
2434
408
310
646
436
291
576
251
506
251
381
946
1184
1493
2097
232
1441
863
474
217
247
2443
1353
1219
203
487
374
1431
1508
785
521
1604
503
454
1639
290
929
161
867
248
336
450
1149
471
719
611
274
1615
2353
1420
255
1044
996
318
422
586
429
745
191
201
1758
499
163
687
473
302
242
546
371
256
338
326
1600
589
585
1275
1178
237
617
548
262
213
415
3224
686
286
1533
1134
559
206
357
868
915
667
2189
950
940
404
427
241
284
377
1838
3477
2891
581
366
899
875
1081
888
849
410
1815
1248
453
379
554
275
638
828
452
1437
1898
315
383
534
467
483
223
1630
597
275
206
562
321
764
634
414
1950
638
486
321
438
1010
661
306
1172
863
911
969
1026
752
426
325
551
758
4746
633
178
820
372
216
1338
852
494
272
266
274
1074
326
279
1334
727
669
395
335
1116
544
943
336
622
590
291
656
1430
786
398
507
553
447
434
531
327
838
522
555
306
504
397
1297
1675
1335
576
301
726
469
249
691
667
333
725
285
1098
647
750
269
1251
821
259
1324
2153
2853
319
404
1147
183
1327
518
1111
218
208
126
1488
605
146
434
427
383
351
375
828
206
1114
991
372
549
1194
762
814
413
612
209
1748
1888
430
975
316
1354
351
255
568
883
769
880
139
198
910
2739
665
389
168
393
913
1238
396
1946
224
2043
518
2248
389
1056
411
2626
2419
1233
581
551
454
955
497
466
488
459
3597
389
837
599
993
600
588
396
1086
958
289
191
1840
3776
472
984
433
742
778
504
220
1211
676
119
868
660
321
441
798
275
186
176
642
728
1317
642
1019
530
2043
1280
493
430
453
680
781
539
1570
1257
242
633
206
1810
1566
3131
576
806
1796
747
276
1692
1124
1069
320
1673
732
1039
485
647
478
413
306
880
391
1263
345
1398
299
3473
400
629
97
470
612
1128
1976
3376
392
459
506
623
131
366
1393
618
532
326
1017
275
348
751
612
992
249
567
134
401
648
752
2009
457
922
714
800
710
579
1191
150
799
1256
697
1871
228
619
1182
487
329
210
751
277
866
977
260
820
629
1705
253
699
413
595
878
1843
282
841
3353
2007
581
467
1085
359
1147
1719
576
772
492
205
2759
684
527
337
836
1946
230
1505
1381
607
743
1732
682
1424
269
571
349
660
466
771
1201
578
526
304
260
678
1435
2721
1193
1496
2010
680
181
1556
129
415
516
282
606
532
126
670
357
1626
2168
1275
92
298
1652
790
383
608
520
254
463
499
297
216
291
390
233
694
1436
750
241
980
463
4014
186
658
502
464
256
266
336
451
2305
622
1033
878
2516
715
210
457
480
873
457
311
194
1241
247
442
408
428
287
986
304
901
850
840
465
2252
143
265
367
314
1092
411
1707
951
449
668
364
584
324
730
714
1147
133
1012
568
937
552
312
683
1545
638
544
581
741
1011
750
233
669
1324
964
368
1065
430
645
241
1810
2290
393
557
323
830
239
943
875
557
617
663
662
536
79
1645
568
611
476
669
489
649
161
3430
2783
735
2447
296
487
737
537
650
1498
1734
602
1365
162
817
1578
3925
397
311
784
1884
767
405
752
1133
1290
251
615
154
612
732
572
621
841
1173
2081
1514
566
241
313
181
210
491
1028
1077
1239
371
1911
1308
487
640
937
429
203
1180
632
1678
662
1180
573
706
688
219
829
1284
560
226
462
627
865
509
525
252
615
381
704
1421
230
1241
337
797
368
1278
560
1841
404
474
522
1261
380
2533
803
185
699
264
2149
1497
768
718
643
1382
250
418
852
378
266
2870
3143
319
319
874
547
980
747
3729
584
972
1435
840
660
623
1749
613
1492
194
315
542
607
1196
589
588
358
522
603
431
372
1395
596
355
442
358
697
1976
592
4709
680
135
1971
652
752
652
1947
809
149
1650
337
1202
1081
330
1490
381
672
939
3885
462
546
837
461
2695
1461
706
804
327
159
543
1429
253
676
1641
226
356
629
221
469
412
294
1311
217
3667
1077
1143
615
271
1085
756
455
825
647
277
1064
700
244
280
2209
687
277
1322
586
793
252
550
3081
796
1079
403
323
495
1556
719
895
259
2309
868
2014
206
280
305
272
1025
1109
1801
725
1406
148
637
366
489
264
268
306
403
501
584
544
445
352
561
1457
1477
537
299
214
263
2374
3507
418
2857
786
2330
947
208
426
367
188
243
374
234
360
1125
2210
1462
432
712
347
236
360
1107
932
322
1763
449
865
238
1034
299
682
324
687
587
560
1859
265
141
554
501
1247
351
372
829
678
455
563
233
543
851
430
456
714
1158
1084
1160
2521
333
205
1638
587
325
283
623
171
719
625
231
128
302
202
736
1005
371
683
301
1292
1529
580
954
911
612
686
280
124
1549
845
781
900
458
721
1028
353
666
183
168
397
578
271
809
252
2628
5090
322
606
1890
254
1172
831
1768
1361
731
1658
570
331
561
505
1137
680
362
667
2516
675
155
442
945
505
614
651
509
917
563
768
717
773
788
1115
1628
288
342
1221
912
1656
729
542
1112
370
735
786
714
278
560
624
175
280
497
529
766
1490
404
335
436
4147
996
182
364
2115
780
569
391
471
1036
493
689
469
254
137
1185
304
937
768
607
1042
595
1279
606
673
236
734
432
195
1076
216
468
332
688
1272
910
2728
169
115
754
584
490
733
238
967
292
523
549
777
394
547
634
2478
412
541
481
1238
423
893
1033
322
355
726
571
323
433
284
917
350
281
909
437
360
1834
1221
771
507
486
158
189
488
534
335
1097
1373
742
1070
1570
463
561
858
1114
888
792
1166
428
303
2543
753
1448
537
865
460
207
426
343
2486
669
1045
2306
476
281
1577
686
975
366
398
510
2153
925
1898
243
822
494
622
822
1106
288
2185
415
1242
502
2201
408
451
414
877
716
654
1436
349
358
639
870
423
369
187
1099
369
1195
544
1972
2322
633
1852
626
600
465
725
965
528
745
2180
553
1980
1065
277
251
257
451
279
238
1245
429
331
506
377
847
966
186
419
320
446
365
502
223
587
658
174
272
1227
617
410
627
1449
410
608
664
165
331
510
1312
1589
441
183
546
1676
3037
754
700
2448
1057
566
252
126
815
465
321
341
560
245
965
863
225
986
251
1812
617
2716
3897
1407
445
469
707
2096
1862
340
253
1163
203
988
1102
474
888
468
703
167
1086
5667
320
225
302
421
236
1069
271
3289
1120
1127
3627
233
314
432
468
420
399
606
935
3011
689
1161
252
1488
1361
127
750
767
554
1434
548
286
984
996
487
937
363
569
1264
270
416
639
70
1025
246
446
393
133
471
237
149
2143
557
380
502
294
1083
878
2303
453
241
958
979
274
719
1706
608
154
404
1186
401
2985
1289
307
160
232
751
1444
682
243
479
126
501
1221
704
184
379
275
2292
670
1125
245
900
1479
363
361
609
550
916
435
309
2229
361
222
961
171
701
980
699
645
1097
753
844
2066
278
1450
547
357
133
551
292
267
497
664
296
1169
1108
617
1824
399
1005
1302
1468
329
767
2527
302
376
648
1974
281
849
2572
210
2058
420
835
193
655
1769
576
1129
969
1648
764
202
166
109
1148
413
1331
548
162
1201
619
621
117
950
392
1154
652
1159
424
722
365
1041
880
613
1351
351
283
245
1467
356
1155
1461
1027
1100
559
252
782
580
582
1540
1520
1391
447
254
637
257
733
428
1935
317
665
429
329
4386
305
1405
269
491
135
311
1018
624
922
1346
132
267
172
332
723
648
283
398
1093
728
1107
828
935
641
203
2945
430
620
317
357
717
1604
4159
588
2451
899
310
481
443
599
1440
824
3294
406
250
376
171
396
326
1177
1444
129
130
468
438
789
578
101
392
350
793
439
1557
504
664
914
129
1065
432
382
311
562
636
1806
165
794
405
392
234
1326
461
475
1128
395
289
623
329
703
550
406
2154
274
675
1897
740
759
218
1424
670
2493
749
225
209
564
2322
2156
1745
1958
2153
381
391
149
213
1249
1136
1715
178
262
288
521
350
504
284
621
408
704
234
1427
695
412
387
1066
404
78
1179
461
776
202
973
600
223
402
161
262
608
345
3011
3431
300
1289
432
830
196
379
290
763
263
843
624
1930
497
664
641
1520
86
269
394
850
1135
250
320
845
507
1157
552
942
784
1226
666
625
281
228
538
742
1416
448
270
1118
592
817
3146
200
956
583
272
323
370
1094
702
633
215
301
1070
232
2228
655
555
753
617
2946
677
410
298
2871
548
2974
667
2583
753
252
154
174
1240
646
443
729
739
494
513
4903
767
514
459
306
1387
289
728
206
213
120
1574
1295
273
2811
425
1521
174
425
919
571
269
302
1034
4530
512
823
1220
510
446
548
475
847
5550
451
188
99
663
751
1385
475
2339
1152
660
215
259
470
305
214
487
372
1660
1106
1312
470
1025
823
556
436
405
950
354
549
1151
1299
918
596
306
469
1842
1042
1073
506
642
523
1388
4098
1848
329
1312
430
521
229
167
285
1550
828
250
1078
204
284
315
1035
1685
346
1338
1102
632
336
890
836
669
171
1683
2489
308
2130
1439
3596
349
1833
955
736
640
642
1591
1785
738
682
1162
872
293
765
341
3492
287
1261
311
1092
1103
567
271
479
388
986
1420
207
245
771
444
1628
223
131
1643
198
615
909
692
706
757
584
1212
339
3462
184
610
1091
508
565
943
915
1380
452
483
277
222
347
902
336
590
2631
2380
396
422
1707
1153
540
981
750
253
235
506
707
1955
286
1205
230
375
414
1572
432
380
751
369
552
1885
454
1059
375
500
228
578
1069
1309
283
1035
971
700
522
279
147
728
236
2299
161
804
186
1093
753
410
343
1340
404
788
135
440
644
259
705
99
1879
245
815
459
4279
650
741
1219
442
3037
441
342
245
164
3611
299
2892
294
438
644
215
968
653
435
137
612
251
1093
423
481
920
514
1217
433
360
338
1385
624
566
438
2597
581
415
365
1453
318
1511
345
408
553
714
489
2291
196
2085
645
1075
279
393
458
195
3698
1299
308
490
639
415
328
729
643
562
174
248
2109
2736
584
2130
661
226
274
1098
531
243
458
1044
933
586
400
446
207
791
1588
235
878
394
1500
2591
1011
4392
888
305
703
454
2532
1567
643
385
239
492
859
721
692
1012
441
511
280
644
522
382
795
165
292
660
260
853
111
709
379
432
1565
2289
283
585
512
582
138
325
3566
1610
596
569
823
376
2169
664
384
808
799
369
1056
432
209
514
417
373
1503
1815
1267
457
256
211
825
865
1104
172
1874
621
871
762
184
2970
807
724
541
708
1153
235
361
1555
680
560
2134
328
380
863
877
778
834
889
1584
1379
1176
1606
1311
588
330
493
137
2632
147
587
553
2582
774
1423
602
336
442
1736
623
1099
1292
885
434
392
2056
259
1292
512
238
494
233
1226
660
357
269
384
417
454
837
1452
503
822
413
124
579
1483
321
1541
653
347
700
854
398
493
890
526
1103
798
2902
918
887
891
574
100
641
307
260
363
184
531
481
297
2795
947
676
316
208
328
553
175
1459
812
312
415
1341
639
670
473
501
705
603
427
606
530
774
576
632
883
3383
1754
101
738
979
967
286
416
1409
192
281
590
380
309
452
439
507
333
505
2038
437
1075
297
1280
416
1940
672
365
680
290
319
1166
383
205
420
2990
607
825
636
465
715
3570
655
414
630
125
338
1391
305
511
309
2807
459
723
255
383
953
367
582
2321
1198
405
1300
475
1125
4712
994
412
526
292
1228
911
1209
859
1895
317
2977
2160
1149
293
632
535
352
491
588
1903
162
626
295
202
698
130
303
2063
882
409
2306
335
939
202
1003
439
579
347
434
452
1206
448
767
508
1416
512
451
796
2736
1777
1578
1024
302
654
157
848
1652
298
543
1676
238
470
271
1398
1132
276
271
618
172
829
3447
372
1765
232
850
943
2163
874
495
842
289
494
1671
1447
909
717
2774
508
285
240
2355
382
935
271
201
774
213
690
454
153
492
408
744
1057
535
603
242
221
853
559
524
495
1054
273
1344
1010
513
2642
178
246
968
417
699
1271
853
694
465
255
553
246
409
2655
930
156
343
1434
325
419
940
302
2078
494
692
1818
1647
356
651
675
452
429
590
2084
2406
1100
795
1022
345
903
482
781
730
216
300
1910
693
117
915
3444
830
182
1641
6110
140
525
1186
595
842
356
576
681
686
507
394
1560
649
1200
1249
324
2017
488
415
241
513
942
483
188
628
3623
493
588
735
865
257
272
615
806
549
483
1273
1554
761
869
377
184
1219
181
1375
387
596
195
789
552
3659
642
1182
1205
282
509
635
356
1475
766
450
209
547
1692
626
769
208
1117
1362
231
404
1417
481
647
547
1018
447
554
515
350
530
3124
483
482
1179
224
957
530
261
2698
1089
273
915
766
638
3232
999
370
187
2032
1270
247
4749
132
774
280
592
4554
391
650
423
1499
300
921
2478
473
751
275
400
687
1174
1438
1173
119
1088
315
1302
1768
733
248
736
303
826
1153
251
1598
1260
475
356
1206
1219
1127
1467
570
1674
1038
578
1022
240
259
258
334
1704
882
115
545
1331
2419
170
450
665
402
2703
224
373
497
170
335
396
229
646
1581
3248
819
162
2012
1685
483
520
321
399
463
436
308
248
1605
549
677
146
228
241
437
685
235
427
1507
174
659
270
606
885
789
577
822
397
2664
684
247
853
963
986
529
261
3638
88
256
134
1017
575
132
1232
260
1439
791
664
159
2191
186
1342
1503
837
680
431
920
616
2525
319
2317
324
620
913
286
659
587
732
710
911
359
549
547
1629
524
4164
1226
854
377
1824
482
1090
595
497
528
891
286
839
626
707
427
2890
95
319
1261
460
702
1049
176
694
701
882
471
3393
4669
224
95
878
276
756
1106
1338
255
865
606
808
322
1754
830
1217
1156
1011
153
892
248
327
211
1096
4979
1709
312
4116
365
422
860
979
4186
695
152
598
725
424
1125
327
1605
1438
324
439
812
1294
489
149
1127
2588
3453
848
95
2770
747
952
236
1571
1129
427
1379
2064
379
299
706
552
475
368
1204
439
2582
620
344
527
124
659
2466
664
246
665
246
450
700
257
1027
308
538
591
302
205
315
1714
738
204
1384
280
529
213
754
924
3195
464
1107
163
200
290
682
1342
638
5083
575
626
374
682
1822
611
1004
799
645
134
416
1495
1265
351
122
369
194
1053
310
525
333
160
428
874
750
531
452
1877
1010
280
2497
627
901
334
339
2058
169
1430
2017
585
215
442
1464
720
177
1192
556
380
1582
250
610
615
155
893
433
1886
154
362
412
1206
426
1463
3213
951
256
843
222
424
426
134
358
733
342
546
478
301
783
528
3664
1382
526
371
502
4687
428
804
478
175
363
1347
2973
1997
424
1661
1500
1351
574
466
351
1031
860
568
263
834
163
424
662
2035
1019
301
763
1176
905
995
516
719
2086
398
1589
228
261
202
717
1418
2679
179
683
2027
1258
1341
149
2634
894
291
797
1335
251
1121
954
426
499
2908
287
464
317
754
1768
1829
357
2392
854
309
244
1661
764
1353
992
305
611
651
902
150
227
662
1034
1283
1751
503
363
1258
955
634
864
596
519
1012
275
311
1431
409
1500
339
2045
244
511
496
361
584
589
149
139
1354
613
290
570
384
563
487
416
345
2252
3820
330
360
401
633
1991
355
458
93
593
312
1764
2868
1007
986
1861
2321
823
973
1225
2628
161
254
456
714
3783
496
272
650
192
606
1374
420
2714
632
625
843
535
611
378
504
1388
229
927
4189
1894
1685
199
819
458
1523
125
652
1017
318
572
301
717
1015
293
316
775
169
1021
558
491
1396
605
389
218
953
338
158
206
806
345
430
221
971
720
1216
429
1830
551
299
495
241
1237
559
426
130
1418
393
686
1359
143
213
731
343
1319
495
804
1413
333
481
736
516
394
1308
388
220
2876
706
4299
323
162
728
461
864
548
1002
225
3860
625
586
325
511
305
466
875
811
382
482
420
997
4022
854
1008
192
379
832
269
598
151
673
284
3301
345
411
379
227
557
214
884
1459
971
148
478
792
740
276
2415
1012
1098
830
719
820
503
2283
742
669
1617
420
1745
2584
895
1480
1603
414
591
366
1349
459
1457
1520
564
6003
362
161
266
328
460
2252
2053
80
975
793
2302
883
1233
1614
285
495
670
4364
537
377
295
1050
1509
612
516
769
678
512
413
250
401
2102
395
500
1852
163
225
1323
310
1155
590
329
2269
814
1093
195
610
357
854
686
492
5440
362
895
1123
427
1666
1352
1483
626
278
185
1084
403
2017
739
871
444
1558
1025
782
1324
169
783
328
634
2231
811
1193
1550
2874
217
902
787
1058
518
1639
121
415
1108
432
871
423
303
414
393
320
383
688
216
419
517
438
485
384
236
694
281
980
307
164
1273
773
737
398
285
178
1674
1325
781
245
377
1265
371
460
875
1631
430
911
173
4370
461
510
654
949
550
1064
391
271
554
640
275
425
1034
1128
891
381
2611
757
286
566
531
150
830
773
767
801
1365
514
257
1042
385
2669
1066
703
157
303
783
6575
463
1232
1076
1351
289
1263
507
263
423
207
624
976
256
844
1093
542
267
613
469
297
1198
1529
754
2251
375
660
1212
1382
256
1092
419
336
1636
3164
528
1372
300
547
233
542
276
610
532
256
435
2183
330
697
346
373
3317
566
350
1270
855
1130
292
1235
598
1086
279
366
773
553
589
168
365
175
931
1233
1664
897
425
2316
798
875
191
452
563
676
315
483
345
1127
237
214
759
2147
831
1147
1167
263
456
2061
775
957
997
279
351
564
355
364
361
474
1174
366
1170
809
200
1195
493
320
340
1366
634
535
1157
2827
697
141
489
1068
1279
1689
1020
1191
2262
471
262
348
425
2974
404
1175
1236
180
138
518
659
90
873
1271
451
956
1728
510
185
406
394
297
589
1279
321
207
205
709
478
1179
553
436
249
871
311
634
265
798
577
486
366
416
259
1012
381
1255
398
794
292
345
480
243
1083
818
461
2051
233
482
3401
723
339
553
1961
287
1200
409
415
596
2637
428
517
1978
1445
607
404
1918
2114
1244
1895
513
244
546
396
467
314
425
210
1811
647
837
344
409
1306
1202
989
216
413
971
519
873
388
751
388
242
380
226
1912
555
282
860
3078
921
2983
705
1141
2473
612
744
792
1033
2018
853
683
159
624
607
142
915
558
648
1103
1439
749
624
872
508
332
89
347
1042
851
1796
1105
279
1019
534
497
374
379
185
1126
1193
530
540
195
5634
420
204
318
205
269
1094
1651
451
320
428
228
642
680
814
314
432
523
824
183
652
159
1254
1372
703
2249
834
357
798
956
243
626
1628
994
1121
1750
321
318
828
614
371
507
555
208
3480
1202
299
793
697
153
362
254
267
1711
353
581
243
670
819
586
347
1141
813
246
689
779
521
142
1922
269
1468
258
921
282
222
686
1315
1360
644
1686
1247
634
158
568
952
2136
921
1350
3087
996
520
1016
577
750
570
906
624
380
786
2165
724
145
1123
525
2129
734
780
792
202
1168
236
459
565
167
603
964
513
1165
729
218
1063
579
634
524
2242
884
181
226
432
880
444
306
173
848
423
321
323
691
422
782
315
788
390
931
317
457
309
456
888
1630
255
469
895
2440
859
875
710
3427
713
847
2125
1075
750
431
684
409
401
3064
433
846
556
480
1432
1279
1086
481
552
214
830
590
124
485
824
824
342
631
421
1431
693
927
1821
608
1154
134
699
240
729
621
205
1551
575
496
733
454
217
571
876
1165
1868
949
1016
191
584
442
763
1720
578
356
771
2731
1096
746
258
530
741
603
706
150
442
429
301
685
675
741
990
276
425
1364
703
3631
349
437
241
1473
561
2023
666
528
1138
2255
875
305
683
202
1082
308
512
296
287
362
548
537
444
1492
225
1348
802
530
596
1572
542
501
1118
1270
1021
549
386
1672
1166
2283
281
449
361
345
399
354
381
623
244
284
842
337
192
795
799
794
1338
536
962
378
1288
243
2957
771
480
2489
774
735
868
1231
281
238
443
527
779
479
218
974
751
527
970
321
280
416
174
1692
179
961
520
625
159
457
209
4026
565
1704
492
2270
1419
790
310
3029
481
921
980
617
286
274
1001
2894
3161
1360
1253
439
1271
893
2307
1572
452
946
547
322
902
1451
700
333
934
871
1103
359
801
344
1872
168
504
243
554
1321
2191
201
424
1290
781
126
1254
1286
438
989
402
805
453
593
2962
446
202
417
522
404
1135
552
438
243
618
614
495
442
1442
1074
410
1514
764
566
1467
319
507
233
985
335
3547
353
908
306
127
501
250
251
102
218
244
569
2492
523
435
982
506
593
2081
351
2141
212
213
1176
149
1229
320
448
994
672
545
1179
1504
277
613
726
363
355
1042
1395
678
1578
319
449
503
1137
271
300
1673
650
3222
217
238
1260
1926
545
493
332
432
301
521
1804
222
1072
435
635
3597
314
272
2616
218
2224
178
666
523
248
1129
387
528
1673
772
829
501
1191
601
1771
1724
148
749
471
353
1716
1016
401
462
1193
264
652
918
601
474
339
803
535
1661
1175
194
1478
677
261
585
334
329
634
958
1288
777
801
267
525
138
5755
419
347
490
1451
4525
1239
625
396
660
3658
555
190
384
1256
207
608
802
617
343
409
832
3212
201
715
438
573
1986
109
702
641
271
814
357
132
481
656
735
392
945
646
521
910
401
1336
249
857
842
2014
135
356
1184
828
179
791
1565
578
541
2528
1427
1485
245
1532
314
1335
1524
445
396
1230
1178
738
1456
442
223
748
791
272
977
609
438
1913
338
333
663
508
222
197
243
201
59
497
322
4769
287
352
434
223
445
452
1238
452
492
630
514
605
439
1357
369
1061
280
1363
1482
2082
456
611
487
241
272
876
620
900
491
351
718
2503
1130
2263
2105
366
717
1073
243
542
564
383
1146
387
1762
411
406
250
1239
312
2032
1860
237
583
1686
129
129
472
281
533
326
504
4628
415
579
607
437
1631
475
1200
348
542
636
380
280
439
681
547
367
1134
739
565
202
1487
482
977
803
1099
1191
915
710
1122
1004
704
844
2440
199
1110
142
471
559
720
674
546
504
825
466
409
831
528
2456
941
844
1942
816
626
530
520
1584
495
700
3687
313
247
234
352
1543
992
1608
374
457
534
708
1461
299
477
353
436
235
656
4609
211
932
471
1105
407
227
612
490
928
316
861
425
551
834
311
598
356
691
281
728
405
251
223
761
390
669
211
182
779
921
746
758
365
330
258
87
1039
511
327
1201
166
184
898
339
900
697
833
374
4233
1387
769
113
380
177
536
815
1665
2041
2729
485
1463
241
422
949
1717
449
378
336
398
946
745
1911
999
2613
247
342
256
667
822
567
656
796
171
891
617
494
365
182
872
413
953
961
1761
435
341
1722
307
386
693
304
302
1458
436
1586
746
1607
796
1312
391
294
1390
1682
562
2066
277
908
331
203
239
618
167
492
1127
1251
542
2226
1965
1542
788
2003
998
300
401
798
246
1303
386
1347
931
1099
1422
659
627
851
191
202
949
426
2072
171
400
811
590
962
1147
1977
288
287
703
238
642
416
580
147
295
561
200
218
1228
491
831
405
313
476
337
228
744
766
1336
648
443
1197
430
362
313
533
740
157
310
749
866
3004
614
1200
1061
1867
655
1611
972
286
176
231
401
180
608
1317
279
327
1861
946
531
2088
255
240
368
252
1771
1110
334
2529
209
271
301
2894
268
314
327
1856
470
362
776
905
149
283
396
1086
398
379
603
450
688
374
126
935
747
287
444
395
1016
630
1320
723
508
468
315
594
122
743
272
353
364
888
747
2744
1112
749
188
927
310
519
1239
189
375
436
256
578
1726
203
550
721
773
1333
1542
283
3246
462
533
748
178
970
862
313
455
305
2696
822
433
2657
432
1088
483
1462
1136
2040
2024
1009
1752
4394
2269
107
1612
319
408
1098
1388
239
388
446
475
910
571
1460
1144
1190
1205
311
246
802
2143
665
1242
1197
785
1227
1574
725
456
223
328
1143
624
300
921
299
909
2017
451
1213
295
203
1133
791
192
1195
742
724
1070
409
1516
375
506
838
952
1230
361
607
607
388
561
1459
345
354
357
458
1578
539
691
661
1367
1674
367
751
1314
488
828
681
793
545
207
642
389
1066
795
535
277
1222
149
1065
659
2490
486
3369
708
651
586
1168
567
352
1831
2272
1014
1565
180
280
392
1410
1555
533
1520
381
141
1104
249
884
819
2018
218
1587
1305
702
803
620
1043
568
468
315
373
706
325
954
387
218
1343
858
562
347
713
356
451
810
184
767
1138
415
370
759
1025
238
794
149
1946
165
1628
590
945
990
172
1067
770
1205
146
256
1634
367
442
1220
384
206
366
850
320
3747
406
1723
477
483
482
1454
881
1372
277
3770
1080
1144
1699
997
4177
331
258
470
692
376
929
1381
137
693
601
1338
622
560
474
531
510
252
1403
290
320
428
446
288
1027
653
527
490
418
837
388
3862
2592
1165
675
363
322
864
4348
886
365
110
1039
1237
2011
848
335
217
275
1987
460
1235
471
468
595
2937
285
1261
333
294
1813
457
1033
1224
767
372
114
2044
1382
550
267
278
289
922
329
313
206
825
354
738
145
1199
1221
707
656
342
787
278
1391
301
346
1305
672
579
129
379
426
956
204
389
188
1498
217
531
1651
297
684
298
1373
728
687
142
496
737
316
374
3350
2743
1141
2767
808
213
695
341
2951
365
1307
2603
743
955
216
602
2591
311
568
614
424
119
433
705
574
1076
345
1057
592
276
483
430
383
493
474
657
786
197
281
1174
100
527
821
256
232
1224
401
1557
594
743
486
892
1490
2064
416
354
372
2818
353
3098
421
1269
2109
1524
525
469
578
1273
246
487
302
413
1846
223
804
1157
693
1300
409
1054
488
1007
862
426
432
