303
266
283
806
794
500
183
941
348
679
406
293
836
369
1651
187
230
486
1275
794
219
249
701
196
204
340
270
442
376
277
362
759
328
422
496
1024
910
348
372
120
898
207
976
336
545
335
615
397
305
865
189
103
317
846
651
596
353
272
1622
719
1291
364
1371
733
240
811
839
575
267
465
226
552
879
670
573
329
293
295
889
403
356
278
315
1136
290
254
442
339
436
697
252
450
463
202
587
687
203
225
622
348
1189
1029
203
197
885
356
530
310
1276
155
299
396
590
340
189
905
715
422
1638
331
411
354
655
527
542
535
1202
408
1264
438
592
300
443
858
638
260
329
613
602
293
531
164
1297
395
172
690
1237
371
464
743
1006
465
540
90
1104
458
339
776
823
431
112
886
1295
820
1279
392
313
866
183
476
167
688
811
195
235
515
694
223
344
468
1088
120
951
393
1195
1143
232
1137
413
202
553
610
477
254
419
649
248
1077
739
320
297
227
528
767
253
444
395
188
430
1789
290
399
259
225
761
488
361
199
684
1447
619
524
269
857
767
734
227
944
731
190
1292
133
311
459
313
443
377
186
1705
966
612
730
846
174
684
367
539
495
257
753
776
899
246
260
379
570
753
524
787
458
438
208
333
243
485
399
211
467
1117
619
477
495
942
1698
309
442
364
1033
877
315
439
1101
838
544
1251
346
178
521
434
201
314
255
1587
318
90
301
1945
572
618
882
300
338
206
331
302
1439
703
244
352
404
481
340
1732
315
424
872
851
557
293
52
382
284
210
527
263
158
340
185
411
518
524
487
923
601
379
246
272
620
693
269
325
179
2153
964
669
562
322
222
528
382
1302
541
872
249
208
369
427
236
221
357
886
882
154
542
534
548
211
152
664
441
182
433
384
553
1244
293
574
209
501
593
274
127
741
127
312
398
136
99
992
491
1266
260
596
271
213
921
392
584
220
1970
605
368
384
1174
868
249
175
422
327
659
254
140
314
395
199
617
468
189
544
785
271
202
254
266
555
2127
207
253
104
588
684
211
394
787
534
209
556
436
328
467
634
1532
668
1164
234
832
205
352
604
389
322
286
129
412
659
293
206
781
283
653
1053
1266
271
390
320
143
193
1317
1582
616
403
660
339
439
337
1118
989
1035
860
869
480
900
227
321
248
623
319
436
621
290
333
670
264
843
941
227
382
308
226
967
591
255
813
920
495
830
415
374
1306
378
577
500
696
2292
642
751
535
517
820
605
244
750
1251
589
228
387
827
173
537
1092
343
201
685
765
560
658
166
387
242
550
497
1186
166
1979
169
252
391
458
451
247
757
1159
683
698
493
882
289
197
296
1289
1245
956
422
355
525
172
417
1257
311
485
402
3153
617
867
134
675
387
241
555
228
728
349
199
582
1215
1198
998
1386
484
1358
547
329
1369
193
234
602
223
1783
578
321
330
452
204
245
1581
323
522
809
438
463
1978
596
311
284
457
587
402
447
848
1428
614
588
193
165
468
845
418
170
503
110
916
433
405
386
598
540
859
518
497
457
361
958
1001
126
312
1780
570
246
143
437
594
232
383
322
712
307
398
168
423
318
600
473
396
690
1069
260
130
346
860
308
492
475
946
1491
489
428
189
398
613
772
1337
436
353
847
1441
1035
530
469
197
1416
195
336
598
262
210
279
222
281
448
1361
939
501
286
812
564
276
1404
975
534
192
224
1296
375
395
1262
637
442
312
574
1774
349
755
260
646
1309
422
1260
742
216
795
383
587
199
391
1445
519
1087
323
392
101
190
1216
178
817
426
634
913
306
1250
667
755
504
404
983
801
285
495
193
1975
434
415
223
977
122
386
1055
655
1229
286
258
346
567
1227
1085
373
1140
287
504
171
357
533
255
1090
972
414
615
1780
276
1022
409
1123
166
250
891
1230
1066
376
687
170
289
633
473
898
313
307
215
283
198
597
922
255
630
432
220
1348
392
355
972
1080
166
1566
399
1418
205
780
2175
222
313
283
1699
639
309
3294
1112
210
315
446
76
337
261
556
1259
1371
400
284
682
177
612
237
223
153
1539
549
675
384
293
854
928
185
648
1164
1589
1091
427
392
646
259
1366
848
945
365
606
669
208
487
224
731
637
984
1188
607
820
1336
253
276
406
532
390
310
638
371
493
1616
729
654
773
629
262
352
107
286
258
154
193
1086
1002
680
339
1462
250
628
680
945
1510
688
1394
1758
1440
263
664
593
1228
249
940
300
1206
243
1054
450
1106
335
738
244
633
1627
931
1751
423
2162
401
404
365
775
572
512
630
857
1505
799
1465
1805
381
195
344
378
272
1168
324
566
351
551
277
1171
769
862
315
161
536
281
502
325
691
275
447
276
565
241
1658
299
210
752
753
830
1017
159
346
865
790
636
114
147
220
648
476
264
473
2704
192
1998
521
336
443
1073
568
126
579
1361
577
140
1141
480
240
547
396
728
308
317
825
1332
551
163
599
182
411
1173
490
613
321
1975
1194
483
75
789
325
363
191
808
317
1257
490
625
443
301
995
512
194
399
472
477
1861
278
507
512
164
960
1225
352
347
343
359
134
766
896
271
507
1138
211
260
445
649
266
574
182
428
165
127
152
611
424
243
425
241
356
817
389
258
501
631
621
386
645
166
605
1260
501
1408
785
188
132
489
353
116
430
269
683
422
300
227
272
290
347
303
198
216
601
259
210
494
744
317
126
623
147
229
877
1105
1654
518
1628
453
324
149
296
1678
498
391
721
197
603
686
447
178
572
505
1461
336
1843
576
698
901
517
1031
296
1396
1023
724
2449
187
596
906
1603
2120
353
1771
625
544
791
1810
634
206
714
1225
194
1083
254
1708
665
1571
617
936
2047
389
280
430
605
239
765
180
578
278
482
149
1161
421
529
270
745
349
509
747
957
491
749
697
949
396
374
470
481
975
571
511
1564
958
276
1121
511
201
1572
563
1319
428
294
383
190
1162
1468
293
688
796
800
559
1493
226
299
411
295
663
327
391
399
1268
581
598
149
378
124
170
925
661
567
1062
363
543
1005
332
1322
566
325
486
1168
200
1113
469
918
314
505
285
665
1368
1172
80
302
314
640
208
150
189
1849
546
338
398
310
410
539
302
190
437
193
1173
423
702
721
663
216
283
133
258
324
302
1423
677
912
948
255
389
970
525
393
1042
1520
352
239
407
1280
887
542
513
898
373
309
303
1231
271
446
325
298
1058
1577
560
233
1111
204
187
557
1491
1215
239
606
279
574
531
271
356
2280
269
433
1665
426
247
680
753
754
1262
471
344
448
361
371
446
398
153
561
215
858
123
536
1882
1299
576
319
302
153
795
518
227
511
268
409
580
1542
128
678
225
255
403
197
704
580
198
1278
2103
171
1589
419
435
275
229
210
802
249
192
290
324
238
728
351
646
588
1250
691
215
630
453
257
353
364
1131
646
328
642
271
583
363
112
300
675
902
1375
551
618
157
619
405
317
789
338
490
435
247
215
924
826
1939
211
117
579
353
622
523
195
576
806
387
917
401
1129
575
889
343
123
135
472
779
846
124
735
1286
1143
159
397
558
998
356
239
388
206
1296
420
106
193
144
555
1647
1165
1441
278
535
765
306
213
507
150
373
689
424
431
627
333
110
391
716
317
370
97
623
169
298
1219
225
325
1628
383
641
312
177
333
599
325
277
290
248
338
578
628
1434
1357
1033
97
895
101
451
1118
790
738
893
551
384
719
745
420
416
993
637
232
747
1369
280
1027
348
293
584
450
530
178
561
379
78
1274
463
271
697
286
155
978
712
386
811
708
596
759
2134
558
975
429
892
683
497
321
966
582
237
317
319
260
320
687
971
1284
925
449
139
254
294
220
214
265
389
451
350
1315
1096
353
353
296
603
989
133
362
973
451
283
486
767
686
579
492
1562
144
514
448
353
600
511
479
499
675
250
1002
281
497
230
901
571
107
435
327
660
330
468
772
509
342
396
731
222
290
360
267
394
1006
865
447
380
657
786
196
699
233
238
323
1300
794
995
608
376
924
361
155
1013
1125
148
1602
679
159
327
259
390
404
230
130
441
393
995
490
633
1596
502
131
1341
740
722
452
483
416
221
1131
355
288
160
452
155
157
575
1076
406
330
392
428
361
213
274
872
197
206
294
1237
1658
421
283
178
548
173
284
609
551
165
235
206
368
384
176
707
2228
347
344
519
273
505
800
359
232
514
456
391
222
449
137
553
928
134
292
379
329
391
208
554
345
537
329
685
278
230
781
495
286
732
727
385
333
125
196
343
625
261
620
605
1563
219
477
247
839
180
409
361
253
940
485
344
815
492
229
1083
1087
740
1819
678
636
319
154
531
774
841
402
414
881
602
286
327
1138
439
1268
945
362
428
610
297
104
1407
170
970
388
250
314
386
313
451
339
892
2922
324
1036
218
344
366
525
500
390
146
721
957
325
1591
453
657
173
752
704
402
417
113
183
1575
392
371
640
630
921
669
195
512
670
312
418
85
428
895
252
298
584
568
625
76
975
337
415
264
447
613
643
477
869
868
211
574
784
604
289
135
1379
380
788
189
775
480
304
708
575
182
390
556
466
309
236
196
227
210
694
379
184
160
223
1288
228
306
241
195
226
633
282
298
439
887
414
423
242
307
328
1089
579
1281
331
135
865
554
203
588
311
1213
203
535
184
864
607
626
665
486
1198
336
384
575
315
418
897
233
160
305
575
350
307
459
918
492
244
394
196
445
683
694
555
1797
722
109
243
915
157
1298
552
517
444
596
191
291
453
522
271
288
352
231
99
410
828
755
188
385
211
85
390
199
775
