246
602
581
704
714
359
999
487
294
766
240
496
374
394
665
720
763
310
548
510
566
185
314
147
226
1408
352
357
230
342
320
2227
258
715
230
702
696
922
554
51
687
887
146
414
941
209
888
806
259
649
196
858
533
1360
1157
547
455
1080
145
157
604
171
1070
483
369
561
381
884
141
1387
416
628
518
411
706
540
1039
745
719
576
313
1352
624
1178
370
879
481
656
580
509
201
483
318
1959
312
861
462
919
1221
229
760
756
427
350
230
1763
584
264
508
624
192
974
548
191
594
286
665
598
365
437
308
401
546
860
145
984
1289
227
184
270
553
243
456
298
416
895
247
509
135
595
241
264
599
832
264
461
218
392
323
177
572
1351
841
679
282
1429
265
665
422
601
392
1893
899
610
361
801
391
1121
1615
849
246
367
163
1389
223
750
218
948
738
718
701
320
977
558
857
295
733
602
1301
644
924
627
944
433
237
477
307
585
846
516
1695
567
236
1575
895
565
1669
486
829
321
878
1292
1074
711
712
404
355
1343
171
580
1628
1923
663
1268
1216
723
1321
394
351
172
172
267
335
167
815
607
232
636
1022
1135
1749
543
1878
202
363
555
372
536
433
222
307
134
533
402
224
1202
96
410
272
179
1167
394
232
619
205
184
486
1098
374
171
115
324
133
184
196
274
2904
420
420
765
264
530
1135
204
183
283
235
545
413
749
153
228
360
194
329
714
157
1266
243
127
662
1216
470
1983
825
317
909
662
992
123
412
1148
1292
221
381
672
422
613
794
325
157
606
189
159
243
616
332
350
736
994
1517
189
232
351
482
357
843
179
516
222
1055
835
703
1018
726
1161
423
542
122
1118
136
1484
247
739
517
553
1114
292
1051
438
675
600
467
468
616
78
168
333
530
446
259
1044
146
284
736
426
717
144
1032
109
432
771
1815
507
717
242
499
320
666
128
299
942
1136
399
187
195
265
369
456
977
375
1104
251
436
1041
151
585
288
836
644
152
998
661
374
320
106
1167
193
528
1588
667
235
1012
1489
930
218
392
849
944
1681
420
864
485
440
1232
407
205
707
1001
554
623
405
449
269
211
439
305
266
180
1090
607
487
1066
539
815
190
1143
407
595
1267
426
1150
990
604
1144
644
123
206
2263
813
408
448
211
170
549
412
820
775
265
94
1419
94
965
745
291
805
540
298
650
1203
1201
369
1279
977
1141
689
250
236
546
520
1115
916
439
615
1139
659
990
504
202
747
1251
414
906
910
195
457
1036
663
541
433
591
401
114
371
1479
541
218
407
386
272
1116
628
1133
207
969
242
372
671
286
172
325
338
617
1100
584
626
1445
655
501
147
234
336
550
397
1637
603
473
841
347
583
613
437
584
292
654
352
999
146
205
411
537
348
906
167
102
287
97
400
1497
1367
595
819
502
884
206
402
1394
2541
300
798
348
802
281
512
284
459
1871
380
560
434
192
437
1748
1072
502
506
442
333
348
387
1009
537
395
378
588
1396
478
1121
430
176
562
714
812
225
430
308
414
740
539
1032
522
287
325
944
177
507
735
1055
424
246
415
603
440
151
292
1327
360
1082
250
395
436
279
655
1245
2326
1331
705
183
1834
643
757
398
205
187
295
155
1036
714
602
483
305
677
317
308
1261
729
764
475
265
1597
765
470
185
544
727
1037
360
411
476
693
178
230
1134
226
528
406
429
1404
369
678
164
231
444
517
491
544
1336
174
247
513
332
513
830
925
647
911
300
384
691
643
1382
316
721
147
562
152
249
170
450
1733
216
2188
305
427
128
720
674
375
341
767
520
343
400
105
941
524
941
901
1081
577
861
777
262
123
841
270
1963
537
702
387
858
410
1017
380
877
384
286
1045
623
594
141
1016
313
490
212
498
297
134
705
172
689
375
345
1144
490
184
589
193
846
1933
666
205
391
1011
247
586
716
202
631
323
823
1810
208
405
500
188
390
744
155
519
818
431
428
356
657
385
2119
2193
1180
814
175
513
195
99
572
424
1360
523
407
417
291
247
803
900
298
557
71
228
897
1153
894
285
754
176
792
337
469
1314
2002
345
432
606
298
939
429
242
659
275
263
624
487
766
700
440
574
132
804
771
1063
647
312
842
1021
1731
558
349
1024
634
323
325
138
1195
325
219
488
636
462
2573
687
1302
640
703
209
409
498
394
1697
148
1073
1211
767
573
1433
933
213
472
645
487
943
284
1046
781
334
479
464
1263
278
337
791
617
1269
270
203
290
697
1473
817
212
281
219
709
790
623
500
420
811
1019
416
330
495
696
345
444
964
447
850
434
799
229
940
244
232
142
845
454
523
880
207
458
268
941
329
650
326
147
622
810
185
823
981
322
425
1762
410
294
265
3331
317
926
1169
851
1610
226
257
314
581
203
168
168
439
503
459
911
782
732
162
1904
1790
153
1044
1019
658
378
246
82
244
302
92
309
723
1126
303
362
176
742
326
1373
611
383
668
111
884
442
388
261
236
300
437
546
440
261
311
539
262
367
325
473
1929
423
365
421
287
327
546
199
364
344
1032
827
379
417
286
673
202
1153
474
507
263
206
240
831
716
878
448
441
141
500
369
332
626
216
127
301
337
429
773
328
231
202
137
241
1663
814
1051
154
316
502
1702
435
1403
784
536
931
533
174
541
185
494
638
222
943
457
293
876
1284
144
297
600
375
190
476
275
632
717
902
719
328
689
1001
384
1384
276
253
185
1285
174
1392
833
1387
497
269
533
835
907
123
917
1124
384
1078
2691
126
337
158
191
434
1607
320
647
933
265
581
447
330
1317
618
806
329
154
158
732
321
668
273
225
381
1300
300
671
254
347
474
1676
991
387
1354
400
802
175
467
233
1063
730
795
266
325
384
210
528
532
659
457
437
524
192
645
226
626
112
504
280
177
947
805
167
1080
164
954
818
2330
453
352
205
413
372
439
482
523
113
1029
712
150
330
85
214
494
333
464
513
692
382
692
311
681
1107
395
328
523
703
200
697
147
311
329
309
781
214
275
386
179
1044
1933
353
807
178
463
725
892
266
1184
454
517
1437
527
1235
437
703
385
573
295
382
913
1389
509
1588
432
451
251
347
1795
365
699
379
646
428
483
215
1581
612
423
299
112
930
210
628
278
239
758
919
369
723
381
646
170
544
483
248
199
370
292
625
586
316
330
1290
267
135
646
233
253
207
1222
206
666
1410
1178
264
1072
491
1087
153
989
785
439
506
849
435
321
467
257
185
358
1228
812
278
635
441
518
473
982
1142
1402
1365
314
1989
305
347
346
1068
594
581
774
226
263
516
1359
1433
933
823
1447
387
567
606
215
404
1059
681
257
458
286
1047
784
320
342
818
267
1284
486
970
468
213
225
1244
332
683
301
630
325
919
872
513
193
1161
222
891
1007
449
175
577
376
381
711
489
788
463
134
841
887
616
784
307
971
439
142
427
327
420
288
175
338
255
388
1169
612
794
668
437
960
546
426
405
902
883
282
547
244
579
328
355
242
630
259
253
1457
1201
200
483
700
277
304
735
660
634
224
499
377
1023
668
827
496
190
275
634
311
987
702
747
489
716
376
704
521
649
744
265
111
148
689
473
437
1064
749
1143
1083
456
109
283
2669
1820
566
241
216
138
443
1150
152
282
744
721
669
241
522
514
673
891
626
685
979
150
439
397
339
358
263
745
1329
351
1106
394
1519
668
416
196
402
1229
464
427
329
592
175
685
88
465
436
528
267
1706
599
421
379
1662
362
1046
334
618
1508
1438
313
976
806
489
505
662
265
2027
718
1350
1128
162
1150
502
222
257
832
540
344
347
1056
252
575
201
250
672
307
2287
637
218
1079
665
1057
154
50
291
846
691
515
837
1370
736
637
1073
572
358
1367
283
793
230
484
432
535
518
452
436
882
222
571
247
876
175
342
619
534
201
239
577
476
1839
641
347
353
161
625
388
227
634
915
688
841
405
225
538
1516
730
119
471
306
1005
337
717
440
256
354
425
509
1178
688
375
2949
151
424
532
392
1327
797
405
710
226
1433
278
742
2307
689
244
195
981
462
282
961
190
727
117
445
379
1210
687
637
314
887
724
750
983
327
1356
440
525
267
394
1687
389
202
1024
345
203
254
803
289
121
134
73
485
1189
1701
565
149
599
322
577
225
516
284
387
940
421
460
228
354
639
387
431
342
1078
266
246
634
542
198
768
217
1628
238
377
428
325
491
194
541
797
181
512
446
592
329
360
860
1523
807
624
1141
278
163
333
541
533
297
464
814
1617
867
486
984
282
240
232
1346
485
670
283
975
457
398
1020
437
178
359
413
397
320
1243
421
460
301
294
253
138
1014
360
260
239
790
290
1045
396
668
320
536
872
652
1118
509
469
609
924
424
818
578
337
286
189
748
796
184
268
222
566
158
270
185
419
1703
606
335
171
266
1125
948
140
538
986
545
1228
772
1172
265
532
732
1101
425
546
3427
765
885
279
869
1466
202
109
489
317
584
273
402
1088
159
328
338
1110
416
892
228
2054
497
438
256
621
201
326
947
112
1089
284
439
404
480
207
483
316
1445
662
976
492
473
265
470
636
773
627
650
225
258
696
311
601
454
352
1082
318
209
190
1089
345
1266
134
408
357
174
228
840
411
503
226
437
735
989
383
524
896
185
81
355
690
539
1862
215
1705
228
164
536
122
1499
1527
183
540
784
631
297
266
1325
373
1027
478
263
435
1297
488
335
397
193
476
186
241
236
169
994
954
512
213
566
562
499
990
872
1039
892
930
251
402
1466
505
1030
318
308
809
162
143
760
168
1078
397
709
250
206
497
1243
1509
336
228
1368
1358
1107
193
249
