329
680
432
387
237
176
253
1371
467
722
1515
371
1254
973
240
887
512
666
314
440
228
1090
512
76
907
1303
319
1296
332
231
564
452
442
690
236
580
871
440
652
481
434
184
368
1110
490
577
995
534
844
967
1778
1215
917
304
111
689
1210
1746
455
197
390
504
356
452
453
545
1154
1366
272
393
1008
1063
1783
242
368
147
2217
597
1405
764
525
131
1648
1122
446
458
397
102
617
712
858
1763
745
520
544
947
205
1344
719
403
186
218
519
385
98
404
1006
295
1612
142
466
1392
563
1180
561
514
534
1753
373
256
1644
390
272
185
492
3092
236
905
803
196
133
1267
780
894
634
1203
269
577
417
499
103
186
1031
295
1820
459
98
110
1260
442
718
1326
692
238
2138
395
909
736
881
335
228
211
321
568
203
197
142
462
684
474
432
342
273
487
285
424
488
1166
1132
193
521
716
936
400
277
549
1494
886
1109
283
1646
258
187
180
1133
148
573
892
793
184
306
221
482
390
700
79
734
668
1276
1073
642
216
372
842
1318
761
275
830
649
700
234
275
724
1059
1204
449
255
105
415
1321
1265
1455
540
704
395
290
1185
1494
617
1085
517
846
664
482
528
540
632
308
160
786
390
603
236
482
428
767
317
118
274
1874
253
1501
464
147
432
167
256
398
1315
510
496
855
594
287
740
1065
276
1777
405
244
630
839
203
436
338
1768
228
1338
1082
1692
470
660
1081
131
2127
926
598
748
353
209
98
237
246
363
971
1406
1311
254
387
162
699
285
769
212
393
579
441
288
586
157
317
215
315
150
205
404
1079
573
655
298
461
1106
769
196
311
572
271
997
1107
358
2007
1023
766
1239
407
337
792
262
316
610
580
1487
603
360
999
218
535
287
215
1575
208
267
329
868
306
392
371
1587
754
343
612
949
1670
672
329
1044
511
653
555
188
699
308
689
327
789
235
1281
1067
854
184
254
361
1023
175
243
116
339
215
305
1175
675
688
1017
189
360
340
1366
1222
224
349
1018
687
120
768
336
429
1991
524
482
1086
294
690
157
1097
544
592
297
665
619
1067
866
218
217
1144
274
379
722
347
157
280
621
808
160
339
813
413
256
1195
311
1082
348
273
612
656
657
139
217
424
323
230
689
1790
747
253
754
439
686
247
763
155
461
158
234
664
2419
1004
934
186
229
156
846
682
448
318
510
1959
251
608
1278
231
895
852
959
641
1685
364
397
188
439
244
211
270
854
183
420
228
1389
1568
219
149
417
1090
564
550
491
605
455
396
523
196
411
390
333
271
391
660
587
687
1228
794
615
236
186
560
917
582
1105
278
976
314
1184
780
658
333
265
401
1632
68
328
357
535
400
177
131
293
504
305
56
503
235
594
1066
201
461
257
1082
575
490
513
575
322
452
323
1310
332
179
301
86
121
893
668
279
303
866
502
747
101
510
179
1207
693
267
402
590
787
377
759
208
1032
642
310
394
618
412
514
510
1072
687
274
137
108
1989
421
163
199
203
1061
349
228
390
870
708
121
94
204
385
932
577
247
169
633
751
219
171
990
506
590
1038
145
403
453
538
216
689
1492
377
394
339
415
500
1795
263
374
434
336
374
625
513
525
186
629
667
275
411
535
181
1298
2512
104
573
177
347
225
925
1064
216
225
276
360
360
190
165
919
172
300
626
890
1340
430
150
840
659
314
636
1784
267
584
203
456
148
385
1631
354
870
427
593
184
746
388
349
442
1306
450
208
874
713
527
963
371
249
726
534
740
585
301
298
398
651
158
447
229
430
317
591
2043
400
547
799
727
650
956
330
313
1084
846
318
518
384
325
1037
104
528
558
602
480
394
598
106
273
482
198
291
1127
232
407
235
1233
1576
1230
533
236
536
529
656
423
856
454
256
364
564
299
216
242
1188
441
365
713
1830
346
1387
1925
696
183
222
368
912
292
405
805
528
292
1041
479
929
388
386
965
159
420
217
1041
815
1645
307
2292
383
686
153
514
503
212
711
605
300
347
900
336
368
352
571
651
562
259
434
174
304
496
248
543
215
486
445
1226
616
585
626
447
319
1972
582
696
325
1023
897
754
589
770
247
579
895
709
183
1861
510
909
332
447
334
284
312
494
877
1358
614
384
204
407
1241
231
755
215
981
224
500
230
1534
364
366
199
372
219
469
452
609
865
291
412
334
428
1008
750
771
487
714
900
314
187
303
644
703
287
211
482
214
407
412
789
314
1128
1202
940
687
950
1202
321
924
220
924
660
282
1015
699
1577
557
400
620
68
122
606
453
154
127
951
151
1143
1115
1361
824
188
684
189
318
246
873
245
1294
975
467
351
190
432
296
614
281
286
152
677
570
651
697
477
295
420
153
1373
236
1239
648
800
373
379
795
261
78
234
210
452
301
2241
224
322
506
540
944
232
536
309
268
492
275
2044
502
405
1318
173
482
448
514
247
693
464
658
274
292
541
912
437
165
191
555
680
168
632
346
318
444
534
217
461
135
668
613
643
840
1087
323
153
679
372
1154
446
456
215
235
344
650
186
671
553
745
244
375
623
817
663
850
126
306
381
735
250
201
291
1533
859
944
427
508
1751
229
592
237
714
456
278
290
174
398
481
565
741
603
1096
703
842
1211
940
453
774
146
97
968
314
299
1007
423
564
215
882
271
181
167
1005
173
437
181
308
271
585
643
944
284
183
581
517
293
667
1325
241
1000
97
255
218
713
106
280
486
782
142
446
1172
687
855
1324
290
670
328
786
659
1303
167
826
641
96
539
279
332
1041
381
806
497
165
347
1099
1095
270
192
1483
757
513
488
640
539
415
163
955
808
655
340
231
462
225
1046
1384
405
510
441
1171
1268
1782
511
924
79
1889
339
151
383
836
1186
814
421
819
390
224
793
2507
355
574
196
335
480
571
772
654
262
225
243
218
706
1124
623
310
355
533
550
1076
163
328
575
831
553
662
440
1190
435
1274
1119
341
602
250
697
524
265
412
369
146
644
1006
145
940
445
438
200
618
263
1927
354
537
617
765
332
530
216
467
434
771
446
635
386
1547
468
316
973
377
249
767
1036
66
336
291
424
1216
493
428
1164
348
278
255
1044
342
400
722
1064
130
460
853
663
630
252
359
1281
1001
817
244
729
426
1362
229
494
667
305
1591
257
409
715
319
218
439
903
273
901
1290
634
937
424
524
498
161
1197
1109
418
614
1159
848
371
159
510
1153
785
433
303
602
107
136
441
279
405
738
752
633
461
272
190
795
914
1097
647
200
943
721
910
308
227
201
763
1516
395
1072
571
264
552
418
547
760
364
692
279
364
1075
616
1064
318
432
619
685
474
205
398
366
573
1195
270
728
426
283
408
612
230
694
1127
489
779
262
927
467
413
1579
245
214
465
715
668
625
1755
395
426
358
272
290
1052
801
387
1004
1447
430
2321
1395
485
455
534
684
379
465
259
503
241
141
395
188
1808
1296
486
603
628
688
423
225
1495
277
184
352
303
1016
569
900
536
228
194
99
178
621
1965
852
609
202
960
481
2127
161
581
283
719
128
1265
600
999
1036
983
577
801
397
218
1030
695
319
378
767
425
227
352
540
1109
271
463
1433
464
648
376
152
269
450
166
389
124
1139
95
306
223
450
378
521
1776
328
555
1073
858
1709
268
992
151
215
2026
192
727
534
299
161
1047
804
434
249
640
448
463
859
898
499
413
157
662
560
267
1038
677
363
582
1102
785
842
529
488
626
784
963
466
551
462
674
935
173
281
229
219
347
686
1331
221
295
466
758
863
277
116
166
1046
179
451
191
1184
298
1547
694
257
250
876
374
500
415
737
321
723
338
270
518
596
475
162
735
1341
472
379
281
511
740
638
114
100
104
753
433
642
285
1728
394
602
863
147
462
314
1224
1873
450
506
314
209
452
508
312
202
281
1843
288
787
516
230
1402
403
1489
437
783
275
528
104
1473
135
153
439
715
601
368
116
804
569
344
392
444
948
117
439
506
564
173
1059
697
162
245
183
488
271
492
517
704
544
1717
253
483
1089
422
181
1439
698
882
392
220
620
389
606
313
256
826
372
821
625
991
104
1097
684
313
616
132
2187
993
331
441
462
858
388
542
688
825
94
642
542
1400
372
348
519
364
940
351
562
424
517
1258
1037
705
184
455
469
506
319
352
938
712
985
1067
174
358
367
1004
669
337
410
304
504
471
730
1642
235
117
339
411
890
1151
248
229
237
705
596
260
369
343
442
306
553
739
945
483
730
259
280
1066
452
1823
132
643
511
111
484
1078
868
757
291
173
477
626
733
839
398
251
541
279
482
476
2994
684
1134
189
1333
1059
315
421
495
762
412
192
193
684
189
320
327
697
100
359
462
368
783
286
365
1943
427
540
180
180
513
300
1070
1399
569
300
895
750
1004
504
506
1223
1183
494
478
618
528
259
975
144
688
235
749
1927
211
433
207
746
768
308
343
1074
877
1392
290
167
298
329
675
1561
610
215
364
1429
411
332
1089
614
872
1060
405
559
551
299
331
282
442
551
256
1440
474
843
820
344
470
476
170
436
753
349
390
206
558
340
334
225
192
1758
1074
219
1131
640
472
411
498
159
124
1366
239
536
199
446
734
340
675
421
700
218
839
906
568
155
267
137
817
122
488
443
262
794
830
400
310
706
495
434
272
850
756
1562
893
141
357
737
978
329
232
326
303
475
412
349
497
329
411
816
656
822
408
332
289
692
264
1016
1390
726
426
254
304
2510
891
161
386
408
588
415
1370
642
400
484
357
158
948
424
447
131
282
461
178
338
510
1764
1042
262
398
350
634
697
751
726
569
131
1220
166
749
1008
