363
656
1523
601
165
1004
280
471
501
226
560
385
256
290
1377
113
362
406
734
565
258
171
488
462
125
1085
520
742
483
159
394
718
1165
1490
1178
420
370
494
937
1027
362
356
808
277
477
1002
670
354
616
1057
1204
178
819
739
132
249
583
445
936
985
218
217
509
590
683
587
530
278
430
436
649
746
419
641
753
261
1461
474
464
440
276
853
759
614
303
2062
523
600
1242
280
217
802
548
486
1136
318
253
290
200
1745
460
109
368
800
341
1209
1018
946
380
214
817
301
589
208
334
571
451
540
177
384
788
957
494
560
404
351
355
1427
817
598
364
284
1001
474
363
177
488
810
164
126
342
1083
1945
369
552
395
270
400
175
381
314
115
386
555
478
2071
295
211
271
236
508
224
178
1109
1522
450
168
526
147
672
708
202
730
751
184
177
1507
490
398
329
218
548
1178
531
423
401
204
1366
480
268
1444
286
275
527
173
858
208
386
837
439
490
266
248
1546
621
667
1183
1116
441
537
258
200
565
346
486
556
662
720
964
195
1161
317
445
787
895
319
942
183
649
145
622
568
498
623
286
468
490
407
187
593
580
395
486
2125
196
455
248
207
223
936
396
1466
568
393
548
178
772
624
1288
292
797
786
611
747
1180
701
398
473
276
1002
721
114
708
996
251
202
541
637
287
120
634
490
383
395
274
265
495
173
595
626
786
488
627
421
1166
1227
341
214
111
430
299
370
555
378
386
396
322
686
818
205
507
675
413
744
482
500
1028
493
361
417
1914
208
959
1037
388
545
678
768
330
461
1081
777
90
874
432
1579
531
180
462
357
1056
381
970
816
177
257
244
937
1112
559
153
418
1185
581
677
437
785
2020
2460
666
198
1086
221
676
1530
486
388
576
403
670
131
1787
663
652
397
338
271
1012
420
123
1104
360
375
239
1042
239
819
945
1265
290
420
448
1000
922
324
533
909
1556
278
221
535
772
142
721
319
1030
557
419
609
423
420
122
1168
363
451
217
422
120
452
345
545
564
323
833
502
1417
586
322
714
560
433
174
560
275
375
159
360
1003
770
242
722
442
1418
273
228
944
372
524
314
1475
156
600
381
875
583
227
302
1659
944
1836
585
115
244
244
171
344
963
145
741
203
499
296
354
388
1222
481
1430
474
437
1136
629
648
1575
557
767
309
506
795
1063
538
371
1196
773
251
167
1060
197
659
457
850
218
872
616
485
1112
1988
474
889
272
1655
502
521
346
1009
97
338
144
973
781
1388
377
494
1219
218
524
599
373
278
529
1084
358
2916
1185
174
647
372
296
527
302
264
924
410
1382
113
350
283
291
685
725
883
1365
271
194
859
119
811
314
1002
207
643
267
295
3094
515
160
1280
982
287
283
313
1042
204
693
206
1273
674
565
260
829
395
190
1624
328
235
375
898
340
261
391
435
163
441
390
247
535
89
378
696
413
663
376
583
361
814
262
463
588
173
755
1446
1114
576
523
194
1186
784
277
835
202
275
186
828
203
410
299
1039
276
1620
1596
1020
797
541
258
573
827
636
408
287
991
809
130
813
163
544
1672
910
873
186
383
947
824
983
899
1282
607
247
657
214
398
258
768
401
264
865
711
581
887
365
626
889
378
613
89
292
252
133
725
1036
272
490
524
684
907
903
266
450
538
393
371
769
1176
896
274
756
1031
1236
649
444
921
98
664
1289
818
275
327
1526
500
120
2379
1097
699
475
363
346
369
356
591
274
365
363
1184
540
646
440
599
477
443
576
1315
216
767
625
708
936
284
451
1035
1590
799
351
616
221
574
421
724
281
710
396
424
812
956
834
259
341
354
2936
198
599
754
1648
448
229
448
404
291
902
817
348
428
476
793
730
785
297
472
528
238
1480
281
1066
637
755
526
594
399
137
281
276
673
182
415
1307
326
2469
164
398
543
853
1099
781
326
243
190
254
630
140
597
248
354
408
751
1028
347
873
390
212
150
195
1063
164
442
183
594
455
153
805
636
334
749
368
419
217
362
1004
377
757
163
799
493
569
259
417
193
181
675
470
386
373
790
391
674
384
286
535
603
386
983
225
273
209
476
3005
221
253
817
377
680
1371
328
713
110
691
1401
231
125
298
239
795
665
477
701
372
298
186
118
741
636
540
581
724
301
835
1392
877
649
1149
395
912
1880
272
478
175
1467
968
121
322
564
374
368
1310
765
521
326
440
596
368
502
965
797
836
234
348
351
574
634
575
493
2173
395
283
755
408
291
483
823
748
226
700
256
620
326
708
168
478
319
450
324
918
1416
578
742
211
743
541
229
1127
487
500
708
401
448
314
559
241
178
1428
380
389
585
406
1260
907
508
457
509
414
558
1466
111
563
1429
860
874
397
192
148
124
1340
390
1214
155
1379
601
930
1109
234
303
292
599
1136
372
97
531
452
342
292
636
485
785
141
363
828
203
1044
824
1043
379
275
220
675
324
232
492
516
253
830
279
222
458
757
633
616
452
396
919
451
168
919
482
322
163
601
482
630
441
676
439
1436
158
456
330
242
546
524
343
523
448
805
268
449
288
386
709
658
652
357
513
350
94
219
419
372
1158
135
124
150
199
1096
504
122
174
325
1525
457
567
916
489
329
738
529
505
1067
394
630
203
167
478
712
959
346
685
269
1276
270
1076
459
649
691
502
1152
218
138
1688
187
2489
290
1230
805
251
343
626
345
716
344
892
525
682
1348
689
481
361
357
1401
405
946
113
1173
532
339
175
254
239
1007
369
312
849
1096
285
347
382
508
245
1007
1296
444
504
1170
579
200
360
394
809
726
227
611
514
298
469
452
245
274
1565
385
1056
944
499
965
331
422
1425
223
262
755
542
597
320
525
170
1330
330
687
471
323
188
779
103
430
896
106
1204
369
470
388
860
241
906
261
545
476
641
253
202
734
310
767
163
495
649
1727
639
1543
1213
184
208
327
171
568
679
476
884
674
259
999
887
116
392
664
343
227
482
800
222
856
868
180
379
501
687
236
683
641
371
112
100
1296
1111
342
712
581
409
483
391
1142
1426
356
220
734
431
355
109
353
929
256
484
1097
644
338
362
296
1145
497
294
138
209
344
529
354
388
143
1236
902
135
164
416
99
361
382
506
1109
753
1352
482
303
370
470
1442
372
540
904
312
453
1326
669
356
350
424
378
793
238
709
717
667
1245
365
838
602
212
858
194
632
211
690
256
1467
546
301
404
615
174
469
650
1947
1167
1450
454
1587
430
1163
909
380
436
956
252
493
666
202
805
428
1344
1092
367
376
1039
235
742
150
348
731
376
436
317
305
285
730
459
1224
989
362
1182
107
685
375
521
597
1944
352
228
489
758
284
386
625
672
497
1458
125
792
365
1301
1367
346
208
1960
206
265
300
1027
857
838
323
326
695
405
291
232
649
1554
941
720
1053
467
797
711
578
358
839
158
620
342
487
338
1021
242
479
677
179
356
184
415
1215
1105
762
609
2361
362
267
162
53
552
232
1007
1310
1380
560
613
748
244
1449
687
623
229
801
416
855
190
147
303
592
766
537
516
193
1913
1109
581
660
140
438
302
606
399
855
396
830
569
281
324
171
442
574
1482
419
524
443
847
259
708
651
592
359
685
256
837
828
311
1504
678
545
789
209
183
814
329
427
247
334
362
474
252
281
345
542
175
1002
377
261
309
531
361
354
899
669
680
443
389
382
870
239
439
1055
769
274
183
349
1205
146
509
584
321
265
264
580
339
1350
337
1326
339
211
141
1272
1327
878
871
412
581
2156
1268
958
825
652
597
200
100
398
369
981
541
992
435
427
144
664
636
1563
226
430
113
300
183
320
509
306
613
144
419
686
325
1413
861
253
293
311
1871
399
400
130
335
892
109
564
546
560
485
736
150
85
2344
420
157
558
339
324
363
535
912
404
1625
759
589
570
355
496
829
387
540
168
1063
1961
467
565
1315
147
1071
417
1150
1368
1102
1269
847
421
794
248
270
554
325
1121
168
565
488
252
230
895
268
182
2008
1197
700
499
406
276
564
270
1592
1201
429
696
616
507
766
463
822
377
1043
711
607
482
462
823
320
318
334
488
653
268
1008
783
744
1986
514
551
190
304
234
746
359
268
754
231
675
869
693
409
286
100
412
99
252
389
528
528
835
460
739
846
548
642
121
330
1228
977
106
1655
1609
292
166
68
413
657
379
1084
520
471
442
558
417
94
231
311
742
302
457
409
354
629
282
1070
374
232
848
419
246
598
349
828
256
568
439
708
625
956
1056
375
298
685
452
305
337
309
577
308
173
448
496
1771
347
475
682
1225
329
770
265
264
540
258
169
820
435
368
588
758
625
912
1113
827
642
84
597
634
320
850
279
692
1125
1058
1856
132
446
324
566
548
1291
151
358
637
583
792
818
1551
1467
500
242
627
327
142
222
993
195
229
834
357
813
894
251
1196
553
395
319
1055
406
193
1184
469
154
716
1380
143
535
529
486
209
473
447
434
230
518
114
1288
183
565
614
421
567
1029
380
633
1782
955
187
454
125
262
557
654
246
1455
414
70
1319
179
642
533
961
667
911
378
462
170
458
612
319
275
537
335
384
2757
664
267
131
343
413
561
274
418
383
821
157
612
1083
737
924
1584
259
1273
483
120
398
1514
951
657
666
436
498
594
238
603
1251
334
1203
397
483
528
252
378
232
325
399
188
796
676
479
171
591
247
1628
261
400
573
1283
183
269
1434
546
1148
400
479
2491
1329
227
829
207
179
1358
269
850
809
190
853
354
905
373
1143
357
1587
678
239
1089
1132
310
1280
362
818
493
222
1183
529
238
941
295
87
204
