737
420
569
740
2638
1213
1408
622
675
523
268
542
430
283
184
821
2069
846
199
351
696
627
838
488
481
400
272
416
902
580
1816
368
858
237
1020
341
470
1015
425
604
1599
154
193
786
928
562
138
539
191
384
495
155
174
366
633
449
383
1712
442
425
191
665
237
1517
1854
1174
581
153
1051
294
1278
417
202
735
260
368
2081
460
331
322
270
450
779
213
1943
630
408
1140
159
228
422
245
476
213
904
1005
280
1519
371
467
260
302
300
1035
590
313
232
375
595
239
1116
123
461
135
186
163
742
979
734
356
541
196
451
919
590
387
557
214
572
1384
932
702
162
441
687
412
440
323
425
453
337
247
990
961
391
320
1202
425
620
979
673
711
682
393
301
1244
433
299
381
603
316
716
352
251
473
591
381
1309
1338
571
636
1555
510
158
386
1266
325
881
822
349
159
413
1128
437
313
586
1728
731
345
640
1362
462
448
326
249
631
548
400
419
593
416
784
555
576
255
1325
122
760
510
138
281
625
526
321
89
483
169
1979
352
165
729
309
497
694
299
484
205
266
225
750
513
472
224
527
294
200
410
268
427
419
1008
342
239
340
468
225
426
1019
171
977
133
892
168
798
165
527
532
759
1325
564
822
379
351
646
566
293
388
87
155
248
389
426
442
1122
1332
269
392
331
748
279
678
1068
254
615
855
724
649
339
170
194
509
593
267
1412
382
283
607
537
287
295
485
344
512
108
484
951
699
290
409
305
1013
826
851
386
929
117
408
607
359
364
488
384
388
449
163
2918
444
1215
541
229
700
594
817
499
783
244
300
429
311
334
878
1089
210
1708
287
1253
213
106
416
109
647
339
280
2276
1229
356
424
281
651
490
338
423
637
1061
383
1053
203
614
946
249
299
190
335
401
176
247
247
1220
533
1095
1340
449
143
1316
459
496
594
2240
190
665
488
642
257
673
256
861
271
357
131
474
471
579
455
745
211
980
447
938
362
211
962
1353
172
798
367
815
680
480
527
643
229
449
348
516
501
1088
680
517
710
167
451
562
729
835
278
1118
304
1198
663
1182
248
265
534
143
925
674
478
397
609
371
177
739
182
293
239
249
310
519
950
239
302
512
905
824
313
462
460
193
673
589
542
456
243
586
355
1195
1110
1014
1170
285
155
453
2063
217
421
905
1588
477
148
764
150
1049
1065
262
85
653
537
483
279
850
169
893
1306
349
305
238
388
1074
692
250
238
634
309
253
1915
198
857
2628
430
291
355
1015
391
427
452
163
440
403
485
574
572
638
424
711
411
1086
616
263
958
431
753
316
736
397
417
955
294
525
714
293
200
307
1054
748
509
400
671
804
412
757
360
2630
114
215
580
369
364
231
747
464
299
613
799
1087
995
202
501
216
1283
673
533
566
317
332
398
240
492
187
361
406
1461
1984
760
1087
622
728
1019
727
371
408
303
868
1146
811
1730
1859
542
555
940
298
901
162
177
472
191
437
479
469
314
385
659
205
282
632
812
1044
1009
172
595
216
768
527
318
733
548
514
430
440
317
358
349
331
498
1119
260
379
467
775
889
435
286
202
270
193
2060
602
538
910
393
165
623
363
1438
433
383
505
291
590
530
714
260
138
276
358
262
800
211
503
1492
372
373
282
995
1156
233
270
349
1350
1019
566
340
1611
312
149
596
282
350
149
303
706
510
806
849
243
137
998
512
545
590
928
821
379
175
461
219
670
274
1238
729
1574
457
492
367
151
491
1140
545
981
280
209
290
414
291
400
663
1522
519
528
294
292
240
250
997
643
869
336
387
181
544
423
527
984
707
635
934
270
737
316
800
273
399
801
666
1182
606
124
169
628
241
180
910
255
777
230
172
453
283
300
1762
1187
691
357
564
913
181
480
509
291
757
569
136
462
430
328
374
246
409
463
273
633
896
187
287
546
252
364
790
1426
724
309
432
389
1224
269
915
954
803
186
870
490
711
161
530
379
435
389
268
379
618
506
1261
1287
423
724
1114
314
933
837
328
108
483
240
275
966
414
444
636
1939
780
326
627
273
293
549
576
251
1016
471
101
337
1001
247
756
816
530
197
560
435
149
297
796
854
467
901
247
167
260
386
343
1036
1093
1208
802
479
952
219
792
1284
1490
541
161
762
862
230
283
254
465
344
216
176
734
281
199
814
233
1381
689
377
441
1015
654
264
222
482
277
826
1041
659
1039
887
469
607
214
656
228
463
428
662
803
486
318
924
799
199
316
447
263
353
415
483
587
438
576
227
715
361
335
164
432
365
367
606
397
285
599
559
526
265
327
687
288
1058
508
466
305
428
245
381
165
412
263
893
1087
831
628
197
350
333
355
673
333
734
370
194
470
1368
734
364
173
1565
580
313
1233
490
820
275
592
846
891
818
1209
268
628
387
613
304
630
276
471
365
937
437
931
740
1126
627
943
1671
749
249
761
621
195
608
222
577
323
413
582
979
403
207
1021
323
803
639
216
845
339
223
429
191
1023
408
1597
695
196
616
337
258
203
263
442
662
525
354
441
604
413
312
562
163
525
278
733
241
323
513
609
879
402
522
316
240
257
660
2071
233
575
422
184
691
917
936
731
711
865
375
285
196
552
853
726
214
427
602
543
970
297
482
539
433
343
360
162
221
374
766
980
105
489
440
544
136
572
440
145
441
634
2345
232
277
205
434
451
360
1046
228
251
195
275
150
993
707
472
491
282
580
621
336
191
737
354
392
621
805
442
125
375
994
265
428
190
729
341
184
441
1151
905
641
270
943
396
854
471
202
911
2473
463
1345
384
532
750
809
236
771
907
1169
587
216
382
346
236
443
754
320
1121
138
667
550
625
462
928
347
630
879
383
676
1055
778
298
389
733
794
405
353
632
581
582
277
653
654
1065
502
220
654
211
557
938
275
347
546
272
398
963
284
404
703
171
1033
772
271
197
677
287
556
867
194
692
470
237
497
526
141
800
295
173
501
405
264
495
319
389
500
621
553
146
736
1540
876
670
728
167
478
310
447
342
417
238
516
532
1091
886
680
946
845
515
1041
884
656
558
876
714
722
470
652
242
1156
339
586
667
299
1666
407
659
176
474
887
381
230
899
1149
291
2185
289
434
704
224
244
188
302
203
467
409
1003
187
563
865
519
262
336
211
286
421
288
320
1302
823
1092
513
415
465
302
722
257
547
710
585
1407
999
873
420
611
229
1337
207
170
236
1012
1408
423
518
1234
609
757
599
459
533
1581
967
703
190
321
1829
1021
426
184
1853
482
899
337
582
620
694
104
1089
1318
529
351
505
697
1657
474
256
759
163
282
716
705
479
1006
978
302
917
150
130
444
142
343
547
321
484
895
813
212
141
759
414
1604
738
1009
690
380
290
644
1330
404
236
653
573
480
464
536
277
819
830
625
598
245
148
670
634
769
948
532
850
342
1106
1004
744
314
407
507
310
395
248
534
153
517
486
259
679
771
386
307
483
641
396
269
187
683
730
263
468
206
1642
989
1012
996
565
461
508
376
522
273
517
398
491
760
368
114
626
344
297
809
439
597
512
490
555
375
551
828
247
310
181
441
517
738
884
1301
1267
533
1724
397
665
381
834
363
1588
767
642
503
351
353
158
315
1055
581
1921
1432
521
735
903
733
702
1155
505
284
560
667
687
784
609
852
416
491
361
1000
896
549
934
343
1102
111
838
547
118
65
255
87
508
658
1998
621
318
322
378
297
581
435
662
395
531
879
460
264
416
1090
592
172
364
1957
298
318
616
285
345
622
216
369
620
659
471
533
514
703
185
168
459
382
858
723
597
112
745
629
975
510
1823
322
425
350
1036
347
975
692
420
505
210
429
1220
500
1290
1401
1227
301
816
1165
546
188
858
847
331
575
219
205
225
1785
403
686
788
294
599
332
263
944
414
176
512
654
743
302
354
377
1460
254
274
471
120
642
619
391
709
484
502
341
223
245
269
366
306
522
265
496
575
917
368
1095
237
1290
599
1185
368
179
257
709
381
585
450
522
302
412
160
242
591
123
178
718
466
738
744
1306
495
752
341
848
324
154
305
626
142
217
809
582
292
135
686
349
1169
244
495
355
334
250
896
313
484
534
249
867
115
285
1154
410
409
437
853
468
135
324
510
1176
367
473
199
885
676
504
653
661
2465
1001
246
480
156
368
175
687
432
1509
1011
1019
410
653
536
416
217
1113
734
1750
271
1559
298
248
215
516
530
248
262
1391
424
277
511
450
261
352
176
556
256
581
220
472
366
920
338
383
1138
453
324
311
198
288
215
636
1193
303
390
211
259
329
331
467
492
670
1031
505
340
639
177
227
756
302
473
329
853
348
580
514
1220
177
674
291
494
693
107
844
831
469
510
385
427
238
601
1375
993
508
1408
293
393
655
375
118
520
268
849
354
331
451
1094
232
782
814
1400
1471
922
917
558
520
630
1329
220
397
309
851
795
277
231
573
678
621
1075
938
827
351
342
257
575
740
735
120
269
426
300
300
213
241
942
371
368
183
832
458
636
770
311
326
391
516
436
440
351
131
719
147
317
438
1020
609
190
493
442
107
586
143
380
376
402
1303
877
263
928
328
929
410
2268
192
1319
223
130
2378
249
1476
498
1011
397
739
822
797
602
299
1413
405
234
1051
462
1657
457
613
478
804
592
929
210
217
170
854
363
935
308
868
425
206
258
969
278
412
410
946
341
262
700
552
189
588
546
368
254
346
1620
369
616
420
414
636
724
647
534
923
392
600
249
223
521
643
205
628
498
909
341
657
452
1015
256
655
335
467
150
277
244
838
1491
476
672
309
574
389
1668
224
605
170
1121
675
164
1068
190
946
685
1922
762
429
871
522
414
847
520
646
1032
447
790
648
420
543
667
477
837
208
1266
1645
382
1788
103
1126
143
546
343
653
1077
298
623
844
382
199
302
135
1073
539
316
533
764
298
452
171
872
166
252
378
1334
470
256
671
701
1311
503
313
481
262
941
524
501
324
676
686
1324
1101
250
459
266
184
404
490
449
281
717
198
468
1306
388
799
302
929
274
267
177
584
217
391
548
255
231
309
576
305
705
1621
668
347
825
310
176
1366
295
625
496
310
407
565
935
1485
551
1017
651
131
681
175
954
424
300
319
365
457
1216
359
456
567
766
855
373
232
762
564
497
193
502
366
191
225
577
391
1099
578
502
354
280
303
407
288
494
654
933
1437
783
347
657
97
602
332
178
472
615
304
290
437
233
762
1400
1174
975
425
507
475
447
1382
654
455
921
554
1917
611
362
607
515
627
846
234
570
1554
274
951
844
946
283
645
661
1553
504
853
503
468
1029
660
370
658
474
1079
1215
1004
475
1263
580
471
444
518
376
388
857
242
1222
415
411
381
190
469
173
388
1006
653
390
431
519
422
463
301
714
661
422
396
535
430
279
553
298
870
681
465
648
412
902
677
294
954
577
761
104
452
630
149
366
294
868
340
353
762
256
246
305
722
1192
244
395
520
312
322
518
597
364
519
142
386
1073
1410
381
1515
278
350
375
324
1411
495
642
111
548
1344
123
289
357
840
376
820
386
343
493
159
214
307
1290
125
807
306
442
900
235
212
738
684
505
214
204
441
1431
483
540
575
343
450
416
110
1700
964
776
148
173
1737
493
611
591
504
256
203
200
884
848
506
648
1022
557
291
334
583
307
221
507
556
243
691
388
471
1144
483
420
1030
754
526
646
1455
326
373
661
198
1334
335
363
826
1138
686
963
438
683
2289
580
912
437
273
535
588
313
1040
941
487
373
551
389
712
923
809
245
91
401
537
860
2095
658
404
809
415
1243
415
817
879
516
195
416
531
345
379
515
1009
303
976
1118
368
873
588
684
946
604
164
589
304
1012
457
426
460
479
283
528
652
378
426
410
919
882
741
785
1920
211
604
416
948
580
697
263
200
423
457
219
319
228
849
777
678
390
229
406
1031
422
1044
491
732
1072
249
295
1132
510
304
393
311
627
1000
506
750
271
240
351
547
394
492
251
527
203
572
156
746
273
817
446
710
175
305
782
166
197
226
310
482
567
557
305
411
227
725
334
439
719
635
466
1215
168
171
355
200
487
795
965
557
1300
555
1428
412
930
544
198
518
486
678
134
536
436
283
405
409
341
870
394
760
470
666
435
383
450
440
770
207
205
389
299
1698
1215
339
155
337
248
717
450
371
404
206
328
70
439
525
901
232
328
1053
952
1304
1030
1905
507
304
1162
293
258
525
167
208
289
751
532
460
153
697
636
447
347
518
191
478
721
685
1176
190
392
675
1040
876
210
1006
136
504
482
356
472
796
208
876
298
457
780
629
1003
525
157
1062
473
1305
911
176
249
210
497
377
711
403
840
253
206
163
233
295
450
980
753
377
854
204
233
254
218
246
283
660
874
831
1614
426
235
389
507
439
355
532
354
527
184
813
150
1268
383
545
2049
407
170
1595
1300
899
341
578
246
296
612
1933
154
500
258
504
163
150
216
1114
387
489
1187
241
1492
337
550
283
578
354
325
573
823
162
402
261
745
693
1855
388
249
573
1139
1069
434
273
349
361
1047
602
669
397
825
1041
151
949
906
476
447
645
1335
813
491
398
527
1393
977
232
324
342
284
216
600
319
689
351
1150
314
243
662
545
603
125
430
342
185
207
601
218
374
251
548
1423
168
520
424
816
536
383
156
486
484
369
251
2179
819
491
516
626
1290
639
327
1454
518
610
866
911
736
674
524
1069
808
206
952
764
484
445
297
1516
756
734
2735
419
861
910
367
520
307
212
1233
826
661
260
545
655
562
570
488
436
523
702
1309
285
178
525
153
110
358
1291
354
343
1176
561
701
243
117
656
855
231
591
361
428
282
310
343
801
389
679
607
1025
1569
306
107
1110
705
347
274
1102
208
1309
967
769
162
511
848
789
1131
736
480
236
393
290
332
237
408
804
347
825
282
1467
250
251
338
525
1084
356
1136
504
510
1791
970
188
556
1464
337
853
318
621
185
450
261
789
219
352
208
489
742
724
857
408
482
909
409
791
2829
297
280
690
933
268
596
126
1092
926
582
364
182
424
275
587
297
246
392
253
660
715
299
1169
435
713
559
559
342
294
400
323
658
649
320
931
438
213
254
1230
1039
595
282
463
802
152
990
608
906
175
409
507
662
780
648
412
812
492
441
402
256
1112
400
1311
458
256
128
750
1550
283
608
650
165
155
240
269
647
555
294
369
664
223
245
1241
476
986
338
527
1789
201
407
417
246
727
173
357
585
400
1587
339
299
140
227
866
795
692
576
342
595
391
333
1031
2291
149
751
638
796
305
868
553
195
335
502
206
599
132
208
289
247
419
470
143
471
416
956
815
459
236
387
265
874
1304
406
316
892
170
1452
320
583
642
642
310
158
1162
420
128
395
263
414
391
459
459
1253
485
446
229
680
486
464
1556
251
248
564
328
1423
1126
200
303
291
236
650
249
266
654
873
519
496
121
172
392
1067
306
509
1134
419
210
1045
302
929
212
270
348
341
1158
632
112
287
183
461
892
528
1139
977
207
179
205
443
611
1002
504
555
401
362
617
525
558
280
1790
839
444
1412
709
609
2046
149
629
696
439
440
1389
436
509
910
1220
677
365
391
334
1053
563
572
275
490
431
1272
719
428
245
494
940
238
538
301
857
1361
120
1096
198
198
343
340
644
452
918
454
878
218
498
902
816
418
972
364
859
452
1509
612
466
1614
1158
142
765
277
536
94
691
242
545
432
282
324
736
425
956
159
597
602
789
404
789
479
827
325
229
53
494
163
149
525
724
920
471
946
331
795
158
814
820
114
1040
307
659
508
246
2237
1199
135
586
353
1127
97
155
350
499
580
521
505
446
856
456
967
697
1344
493
506
382
235
250
153
1567
628
396
443
471
636
811
553
442
230
1234
350
426
330
294
442
839
529
728
185
153
628
328
958
758
572
228
179
2189
526
275
725
269
209
1579
524
541
878
320
347
422
798
1041
888
244
585
1263
250
1039
998
408
776
405
370
235
342
349
168
1167
231
923
405
495
505
1675
769
625
709
1443
960
317
515
809
529
291
433
1358
1084
392
1431
181
703
1025
442
816
314
392
685
516
516
129
319
490
427
307
342
282
474
412
531
1283
615
734
153
1507
703
373
498
177
1320
867
427
930
212
1097
387
248
174
642
410
474
1221
439
826
452
582
305
253
271
391
1244
424
301
427
369
914
823
789
900
977
633
431
1533
1026
281
255
573
402
2044
832
392
845
443
620
530
193
213
255
526
258
359
375
725
824
458
516
1434
911
198
202
839
671
886
232
673
383
384
772
413
826
416
126
1083
198
193
1095
529
150
701
353
641
211
1266
254
1249
847
223
260
687
210
312
375
450
423
438
249
269
433
475
706
1661
284
813
801
416
2046
172
376
1266
180
765
567
653
1205
635
531
263
137
310
473
805
1186
435
721
576
532
579
237
596
1102
175
1133
203
672
600
829
165
600
639
391
578
480
1159
320
233
764
293
262
481
363
861
917
271
764
333
532
1458
264
425
991
823
413
1308
188
1070
589
796
535
402
877
495
484
757
761
1088
588
1260
267
284
947
318
782
237
209
470
1204
449
433
635
360
171
666
191
200
195
208
640
270
210
325
509
1277
332
1051
1352
195
568
1275
482
161
293
1053
174
257
1004
1452
368
359
736
257
609
360
275
880
856
1010
1485
186
566
518
407
180
651
390
337
1035
117
463
1045
717
201
246
177
235
454
752
370
672
897
1671
276
369
357
179
784
545
562
951
130
231
869
643
231
1030
364
451
786
1022
291
393
966
731
1114
219
570
445
1304
685
151
684
712
668
303
462
605
252
362
606
269
443
245
966
381
253
394
752
636
144
798
563
414
633
191
191
1096
160
408
660
401
516
609
441
1089
437
211
780
374
419
597
839
578
753
931
325
549
209
271
482
573
443
399
325
1200
578
718
543
1157
178
361
427
344
526
229
478
516
392
170
494
134
1263
162
421
575
673
671
468
511
128
315
977
342
701
706
999
365
565
616
156
361
2312
916
755
554
459
408
313
396
610
860
320
986
565
252
503
206
562
425
167
317
651
147
209
686
494
894
773
463
770
397
2011
418
1055
292
946
932
175
378
148
504
393
472
396
1339
926
667
456
669
1600
527
598
592
511
682
584
643
1150
179
1754
150
689
825
280
676
882
666
268
693
199
311
552
438
344
828
672
289
463
239
388
616
342
616
721
1081
773
467
486
1050
583
157
247
390
325
747
828
975
613
359
544
517
145
470
426
121
737
286
378
362
259
294
609
288
937
298
1175
281
770
452
886
779
785
710
475
1425
442
375
945
361
831
1826
234
445
379
644
546
522
345
275
587
251
1526
781
545
231
246
685
369
1172
155
507
554
114
332
498
235
576
818
222
489
372
563
662
313
229
454
655
474
460
705
372
628
534
160
112
345
1518
1258
525
1450
255
323
656
649
531
600
594
781
936
168
658
695
910
1416
723
443
563
168
263
598
355
193
1195
533
293
204
275
737
417
368
1526
907
585
275
417
449
681
350
1088
529
370
158
353
655
439
1059
901
151
212
244
146
768
578
370
489
386
584
838
157
146
923
1257
384
227
1331
222
366
942
478
380
1797
284
450
144
824
554
746
857
317
226
618
800
464
290
416
404
228
881
518
290
510
517
330
206
276
399
215
1643
536
329
544
125
390
633
385
246
1309
770
368
1533
188
140
421
315
684
236
287
273
584
587
278
729
434
163
326
280
1520
787
299
1171
993
753
500
339
958
1599
1010
698
205
317
342
191
961
790
287
1175
718
617
413
178
595
267
520
396
310
556
971
718
835
2674
647
1163
263
299
566
296
621
1135
402
679
585
179
888
299
397
889
601
1060
1115
498
100
358
373
1651
129
123
267
291
530
236
599
676
418
370
412
352
481
279
218
524
506
951
274
284
485
641
153
549
395
532
631
706
994
1050
568
156
614
1009
589
352
220
646
243
408
439
699
847
443
401
200
1438
589
269
224
303
462
430
1004
256
246
193
254
1366
256
362
682
290
1049
815
326
371
400
945
258
459
561
495
522
600
1075
1049
564
532
1227
1068
312
260
576
422
392
1036
204
354
884
105
319
602
1149
1156
642
282
706
561
506
745
937
185
876
149
529
456
596
1357
138
419
708
884
258
724
344
495
1433
395
504
383
215
529
153
578
217
342
353
1526
325
788
970
1352
1261
397
265
557
128
1906
445
1257
324
227
604
455
648
316
786
455
169
383
231
378
1612
789
457
373
458
213
1640
282
561
1508
503
712
866
1226
313
766
653
380
270
654
2002
333
593
511
296
326
959
362
178
531
547
321
318
796
329
1151
1094
1222
298
914
340
251
214
635
288
470
529
1524
212
479
840
914
530
311
350
453
868
494
280
1087
579
201
672
116
286
232
881
503
1622
368
236
704
710
575
356
238
887
307
518
1560
494
269
546
818
1204
476
1106
267
383
330
557
829
270
488
591
434
361
601
639
622
236
589
109
1676
288
788
409
193
184
504
276
2204
843
377
270
454
956
458
700
611
289
223
1308
1007
385
783
430
524
240
166
657
81
500
261
345
1591
440
492
333
606
400
217
1168
647
173
352
142
334
567
779
438
461
332
550
519
828
319
645
381
759
304
292
1110
400
381
542
131
204
1877
216
359
523
431
654
626
97
523
506
372
549
689
787
256
293
922
364
538
525
592
201
315
129
719
1218
742
1013
771
1467
179
320
552
786
419
534
947
310
424
507
729
483
252
1424
92
250
195
477
479
345
1147
755
783
265
332
326
244
705
343
506
722
716
521
838
327
431
293
529
637
769
559
546
258
553
460
867
239
338
506
480
739
282
739
1299
320
1373
890
382
385
222
1084
222
309
1324
252
2529
599
686
250
1409
342
1142
395
562
408
1025
664
648
618
745
311
264
692
443
171
890
592
579
729
173
596
557
589
2025
726
116
392
531
110
731
721
833
593
1021
389
193
444
855
577
1952
472
246
302
513
513
384
525
450
551
1809
462
787
733
365
541
460
282
175
229
329
395
669
751
752
728
581
1164
519
1000
410
1239
378
625
520
500
609
232
635
253
850
623
577
319
1309
1097
208
362
1008
614
345
215
460
615
1518
170
212
639
357
245
1657
178
269
655
543
2169
184
1539
856
235
302
348
287
691
382
489
583
249
572
1036
455
412
316
514
564
203
633
189
450
702
782
241
831
1094
140
488
139
576
577
192
903
424
341
178
347
1466
658
700
517
184
735
366
226
748
639
426
129
93
336
1469
323
174
203
192
306
368
511
988
438
521
687
271
324
639
598
298
269
655
331
337
393
532
888
474
154
605
975
422
517
294
1881
232
264
438
822
195
434
663
641
535
493
2448
299
597
929
330
892
340
1112
378
654
1081
955
955
644
487
652
1315
345
545
456
1211
1311
363
437
629
856
1213
260
396
450
697
313
360
315
639
592
676
890
252
641
452
181
227
799
1241
495
818
885
1094
1972
324
994
312
401
258
452
270
206
337
1160
841
807
472
730
565
622
857
434
417
417
368
2103
366
471
675
584
695
326
489
1563
925
902
492
635
285
455
219
1491
426
1114
136
184
455
213
103
357
772
212
420
398
153
1418
318
941
263
163
235
1148
714
415
160
136
850
759
469
533
1232
348
272
531
175
159
110
963
645
423
407
794
242
616
977
340
222
258
1007
919
837
1206
895
754
529
932
1544
707
1209
190
645
186
244
339
98
350
439
895
453
388
1255
372
272
613
1245
325
94
1126
588
842
1271
242
1128
283
1074
1683
306
527
340
208
988
242
472
330
509
197
412
163
713
665
648
536
220
363
557
683
1426
614
176
934
1264
1609
476
1183
537
354
412
347
1437
702
938
289
136
364
321
257
636
715
745
757
964
848
269
560
2238
1098
1196
299
267
192
819
1215
390
1042
966
494
1036
550
241
678
1010
434
382
333
455
811
289
203
861
577
1420
577
545
551
1059
953
416
385
353
281
1420
361
657
532
737
530
206
843
510
1139
416
857
309
908
320
185
2106
310
140
607
625
508
810
385
291
190
645
537
1201
393
864
562
1149
114
323
332
145
618
185
642
226
367
346
598
657
945
884
113
483
581
796
506
332
652
734
289
415
405
861
324
598
255
464
296
1369
155
683
339
1405
399
201
352
1254
298
76
236
137
595
135
259
642
786
261
846
212
120
779
518
384
335
328
572
455
508
238
298
1133
501
517
306
563
212
574
456
871
1199
1056
723
791
364
421
337
797
1699
591
1118
496
929
384
721
451
355
527
1047
1286
721
612
852
745
754
302
330
961
221
894
251
383
443
880
189
175
746
249
1671
554
364
664
238
998
1161
294
172
799
614
218
417
96
360
694
177
684
735
491
268
269
317
1843
393
254
334
862
537
256
146
124
394
592
468
425
442
915
606
1285
352
874
234
315
244
499
671
1197
376
735
637
1259
996
292
98
517
1338
579
106
2838
505
165
487
974
520
595
433
559
778
445
918
84
225
346
1059
382
307
164
453
629
328
1115
522
824
439
515
291
464
275
773
593
736
598
729
366
384
634
469
186
633
203
254
476
420
373
842
1290
537
1002
443
201
582
403
343
835
146
891
1276
401
1494
428
472
636
850
145
160
612
714
320
459
605
452
210
334
785
239
917
771
497
466
831
593
318
483
229
390
1307
1834
1449
849
459
251
176
395
698
832
732
1076
481
652
313
613
174
715
921
1467
1379
269
416
354
781
107
1118
544
315
986
274
718
158
620
870
946
471
709
1169
370
300
647
400
208
541
333
679
529
989
469
611
556
478
882
453
628
1127
552
360
314
232
1189
375
591
171
1000
1709
521
218
162
482
529
428
147
523
757
494
272
503
377
564
438
1572
844
221
151
595
353
1182
656
1360
315
158
437
502
316
249
317
395
239
714
1098
971
247
915
518
743
622
176
1195
1018
193
470
246
446
722
247
1058
1098
856
168
569
436
271
222
130
116
668
258
325
465
576
406
289
1525
604
183
1088
677
759
1096
702
496
175
765
856
558
403
525
306
482
1500
725
176
682
124
1237
221
511
302
815
884
432
952
223
399
519
349
1097
436
427
409
344
425
559
541
544
331
910
770
347
148
675
557
409
579
210
406
266
505
622
579
149
641
375
382
109
727
356
899
390
367
426
522
341
265
225
454
238
347
254
178
756
487
346
366
180
473
302
655
766
332
729
558
788
467
1068
306
291
248
489
135
465
417
771
169
1445
796
550
388
431
310
828
453
246
321
216
288
559
535
2153
347
496
721
335
940
507
931
597
268
466
402
528
746
279
352
725
344
273
128
440
800
252
401
628
180
163
994
427
216
409
451
1544
319
822
934
322
1753
252
987
612
566
523
617
186
237
1052
903
734
570
311
504
591
1281
585
228
300
208
297
261
385
519
398
968
282
2798
798
868
664
336
434
400
482
1125
546
690
462
333
444
769
402
556
620
213
242
469
946
1343
132
293
367
638
233
1287
171
1293
339
1134
981
606
172
466
1168
633
484
488
211
635
805
526
444
536
2318
536
140
772
405
560
1087
598
753
317
320
416
826
605
155
632
837
637
1046
1041
1179
234
190
397
1240
497
337
182
435
434
961
318
379
886
394
407
783
325
1605
628
182
417
293
206
353
669
1055
314
425
365
547
451
431
778
592
336
404
403
303
517
192
503
352
1832
477
1907
339
867
542
424
1542
353
372
508
719
126
543
536
1327
1181
769
493
1517
340
1593
908
360
331
280
915
751
581
79
385
1060
310
275
1250
660
1199
811
416
579
277
776
1021
171
289
320
750
271
279
242
674
700
487
918
170
897
771
138
429
2020
1230
205
255
291
729
624
274
467
624
770
829
192
328
512
308
371
397
443
544
753
344
575
388
547
1728
1204
167
305
394
141
237
687
501
1046
281
552
1090
742
475
494
192
366
944
718
558
552
1378
561
641
564
1824
538
647
310
1110
206
671
445
387
181
582
392
708
445
448
1108
793
427
765
287
813
432
736
181
611
616
913
685
450
343
372
520
1190
328
383
97
924
904
181
1213
580
418
1128
379
519
364
737
452
234
407
315
1575
988
639
500
492
386
295
955
750
242
277
215
398
286
98
324
144
222
477
113
166
502
234
1078
733
456
1759
410
696
157
458
1153
237
584
501
500
953
705
369
209
182
301
747
589
726
238
511
1059
903
209
234
1673
229
942
810
493
504
1101
1065
215
363
972
387
724
320
397
291
251
618
994
587
310
553
329
873
340
733
358
489
834
411
566
245
140
991
572
1121
229
386
778
403
334
577
1189
195
367
710
308
873
395
622
466
709
283
561
457
260
450
1075
195
658
540
1589
356
581
651
169
279
534
383
227
338
169
425
744
269
494
514
674
250
449
181
200
729
745
1314
783
299
431
463
932
573
1102
521
653
535
561
741
353
1236
774
139
371
1463
998
487
451
577
137
556
516
236
151
384
448
387
287
311
612
224
986
227
748
406
556
361
206
1198
146
773
348
462
231
868
1191
657
1503
202
718
607
708
338
803
951
270
983
618
210
207
1027
181
769
827
879
392
162
233
740
447
627
374
621
498
487
207
221
1191
524
334
1370
573
573
696
356
289
697
171
765
1443
317
546
407
617
471
1218
457
647
638
81
629
368
605
346
999
647
519
925
501
671
473
634
1322
611
552
367
893
318
235
572
546
200
309
897
196
532
277
497
363
1012
688
683
646
694
364
116
687
311
912
324
284
949
166
891
547
1005
371
728
420
423
694
1056
607
733
208
707
433
662
1009
731
855
544
685
621
341
322
450
275
473
287
338
332
504
272
184
858
672
397
712
947
723
503
251
543
106
634
281
999
575
319
927
503
932
558
1115
271
448
897
139
385
616
364
210
390
223
307
621
1298
385
632
603
383
1153
324
368
1508
344
244
336
231
317
1097
452
191
410
1092
1349
131
283
296
972
380
352
1006
405
207
815
376
265
210
668
432
366
218
716
356
456
143
306
382
397
539
273
248
336
355
643
510
708
723
1016
955
163
312
302
171
460
793
663
223
720
549
333
373
495
1092
574
788
919
391
192
475
447
588
796
211
1198
1124
525
572
238
247
284
228
188
254
1946
306
822
832
721
154
749
590
453
716
916
759
414
440
604
488
810
607
453
422
700
942
179
360
1982
767
467
510
682
396
743
931
269
1708
322
687
1005
607
552
356
149
841
998
754
1351
805
445
217
705
541
293
793
791
739
1729
428
300
280
313
183
736
772
404
238
427
873
276
231
1248
246
173
234
745
329
583
363
885
363
490
355
174
512
1234
286
352
193
332
220
657
279
578
196
614
836
569
928
400
401
263
822
418
323
360
656
845
349
278
367
574
277
355
681
675
244
343
768
271
508
212
341
700
568
374
319
467
548
337
131
618
540
1360
463
1486
395
339
1064
353
571
320
379
1407
754
297
1432
407
254
185
260
750
342
939
1013
857
997
550
294
273
686
1777
211
513
811
163
431
1501
557
609
324
258
725
273
355
493
263
75
390
343
174
347
630
398
2009
801
409
176
602
221
689
397
327
1100
901
661
381
747
588
359
318
872
139
1088
193
563
326
905
736
494
339
470
301
276
184
202
253
700
869
213
776
594
309
1029
707
1135
215
128
432
442
458
384
294
505
2014
492
317
489
723
277
482
356
498
409
229
337
361
272
758
350
947
182
389
431
1181
520
803
612
516
744
335
483
436
1497
768
470
619
518
228
434
844
266
1104
159
264
529
591
567
405
424
685
263
456
469
443
261
224
512
558
598
565
307
671
267
142
333
408
821
445
291
386
430
785
272
629
1176
286
281
373
1707
282
1219
320
322
1048
509
991
712
1047
254
586
166
231
250
1571
149
559
511
1079
359
1060
170
200
469
1856
452
2266
470
883
600
455
664
1344
322
568
577
174
445
147
577
948
388
297
174
848
486
1168
435
658
231
199
691
353
993
303
701
287
101
484
284
199
475
1247
953
128
137
485
456
132
361
323
288
638
915
915
1493
248
114
609
348
319
563
1383
1175
1865
386
313
808
432
257
580
606
565
325
1315
461
126
1473
411
312
925
507
304
424
763
586
371
2377
332
268
128
1107
968
474
343
705
160
1103
1224
755
475
1726
194
705
725
531
751
1256
892
283
340
242
391
348
353
544
212
528
772
764
255
1463
396
518
483
485
320
356
247
221
457
492
302
330
210
120
497
235
511
558
342
309
369
206
138
685
165
628
489
219
368
899
323
231
463
546
468
280
369
294
259
191
445
590
283
888
611
128
188
453
689
410
1483
661
1450
312
865
216
1229
1211
1038
1130
624
253
368
288
406
1270
166
147
941
950
464
336
255
433
300
192
721
1207
395
606
632
120
699
1775
332
479
659
1325
1585
231
186
182
434
769
811
824
558
100
1118
257
543
104
344
606
442
698
189
306
440
769
190
1387
252
146
695
448
926
168
323
686
434
145
510
375
789
1097
750
1551
616
753
300
2055
436
452
343
992
503
1658
319
441
645
168
895
575
605
447
591
324
317
998
682
507
720
1212
75
403
456
433
227
1006
407
503
702
787
121
194
779
466
902
854
221
166
303
97
318
861
601
1680
581
430
794
231
1895
421
1029
567
341
369
1124
392
363
875
366
692
1534
322
321
626
292
311
388
199
787
124
420
176
260
414
515
476
777
272
410
461
899
208
204
1015
711
164
671
1451
608
437
701
455
469
517
908
136
1398
343
442
377
812
509
269
535
301
1571
443
404
989
576
678
351
169
599
274
317
779
821
131
161
826
1586
380
707
365
1212
490
312
320
308
1339
283
384
212
599
570
139
248
369
444
360
475
354
366
249
376
264
245
231
637
1787
1254
154
567
1159
289
996
660
422
774
377
712
471
502
272
208
549
383
129
1009
682
752
770
677
586
604
538
580
279
350
91
1118
297
2057
1778
353
958
299
495
826
429
1073
640
214
703
1064
107
258
959
264
291
367
732
344
484
391
1387
231
651
484
448
413
655
623
925
979
700
262
409
424
709
571
1132
262
1021
500
1128
626
214
1173
337
515
469
239
691
476
650
1131
473
215
474
264
515
277
719
526
559
315
377
948
221
443
202
1015
94
596
727
705
791
962
597
237
170
457
685
767
343
202
458
605
402
445
1316
780
322
281
192
1354
1103
1379
507
782
1159
221
337
1200
488
331
676
1536
1028
267
989
939
222
616
844
428
281
546
226
741
378
1112
405
435
1421
357
348
260
231
601
780
174
1422
280
608
909
306
524
440
779
556
208
327
442
186
368
568
121
449
685
224
828
153
769
466
578
1687
848
337
578
807
645
287
519
161
2256
664
729
817
972
355
126
902
94
240
1217
342
195
445
489
558
209
228
492
551
1001
294
1287
293
515
176
347
904
415
361
467
501
577
389
161
991
1041
245
742
450
1189
302
724
372
1042
270
333
338
340
242
658
372
1379
229
189
275
496
359
375
392
256
1233
1437
337
260
1134
490
954
82
774
1327
470
1592
492
1343
392
249
480
454
757
490
435
469
470
480
299
551
354
406
353
239
258
726
889
313
423
586
214
564
625
867
571
574
924
1539
1106
544
433
380
703
228
842
380
476
803
177
350
661
328
424
718
301
794
586
709
363
457
1142
517
753
250
82
632
901
691
636
1205
182
430
348
208
332
339
534
465
291
314
813
1335
582
1520
377
259
1115
588
485
223
805
411
422
815
226
1360
303
207
283
386
173
606
342
377
1484
435
1070
464
443
403
792
512
609
436
585
1191
1590
398
240
269
288
111
331
742
599
153
964
244
571
230
515
456
495
1193
534
624
414
517
337
383
504
613
248
399
485
1589
570
423
446
1667
225
847
380
1177
273
374
544
285
722
393
410
259
627
1291
473
435
409
622
260
543
436
430
569
519
580
582
805
596
124
812
2714
1644
336
349
648
1342
784
335
1076
511
178
526
1040
580
733
813
1320
527
212
149
336
283
374
453
302
242
499
452
465
203
2447
264
233
1144
209
1053
495
500
322
407
229
434
242
328
693
298
653
334
889
345
632
177
617
1368
453
191
911
154
603
440
2160
773
631
374
694
505
279
336
664
408
545
253
453
445
1154
282
356
846
509
339
414
483
1623
169
439
1175
215
719
914
580
205
333
414
430
797
397
869
633
761
569
1136
409
427
192
649
870
292
370
1430
724
351
159
199
218
990
1378
520
920
301
713
1377
771
513
205
664
871
3246
1230
263
925
130
604
772
123
229
299
1475
234
394
699
496
605
937
1193
307
274
275
897
878
556
400
272
494
1150
647
788
329
429
285
129
457
197
457
910
408
587
292
476
496
792
432
724
589
405
291
767
476
386
939
696
1337
772
411
981
686
850
1061
303
193
689
421
731
241
316
594
292
878
603
323
708
732
981
1317
206
843
604
292
309
427
448
297
352
382
222
260
337
333
310
774
124
374
844
421
877
628
135
1601
434
226
488
313
444
683
394
203
416
1080
186
547
299
289
685
1607
370
514
365
653
1083
826
399
413
676
236
397
186
256
247
775
993
558
398
458
927
2139
292
722
385
699
489
454
505
573
908
377
1002
1001
252
288
223
1738
620
468
471
325
534
847
1005
1241
277
518
905
870
335
289
253
400
389
683
576
741
774
1018
269
422
417
148
1124
392
1105
231
517
473
215
1181
699
531
661
358
344
773
292
604
417
562
314
503
775
686
343
263
257
332
455
337
1090
1614
390
813
502
499
784
536
478
424
1425
327
354
1140
623
779
166
1198
346
429
441
916
509
489
430
298
426
311
265
424
480
226
436
181
294
423
2061
198
137
374
285
292
523
233
454
991
775
859
134
495
711
452
212
867
1075
249
418
218
832
553
405
389
1469
741
252
500
264
1086
387
314
304
1528
294
322
399
544
750
388
248
420
457
444
719
1085
849
433
296
974
117
218
619
323
197
658
909
287
655
199
191
944
449
198
365
109
298
1137
247
320
527
189
531
364
571
464
366
1184
659
691
296
908
259
848
367
198
306
409
672
713
689
402
226
528
463
413
413
192
256
677
948
732
883
498
382
205
656
343
746
562
1082
151
538
561
596
109
556
620
2382
253
631
389
449
236
179
697
301
293
663
500
155
1388
802
152
610
345
272
438
703
363
803
661
305
294
188
668
734
469
146
766
954
518
423
912
271
638
203
831
242
299
244
325
254
415
342
702
539
954
446
341
595
408
382
313
939
588
142
213
448
652
817
397
425
932
641
650
568
467
899
1043
499
354
858
524
350
285
275
802
823
360
673
268
676
1282
120
197
311
282
459
594
708
1054
555
407
982
1442
417
315
256
716
353
963
613
310
2124
1657
1150
488
625
523
1105
590
189
212
244
168
605
336
253
685
347
391
736
180
419
399
1020
689
446
336
336
504
135
518
961
524
880
973
438
410
533
195
358
614
540
557
530
307
606
944
467
383
399
298
422
745
487
593
949
357
359
321
661
447
310
744
544
415
583
2903
164
497
214
146
311
379
365
605
236
104
482
689
138
708
514
297
193
278
380
1343
843
401
799
522
440
942
950
248
467
319
422
658
1225
440
754
1470
347
210
1002
527
256
581
385
143
581
1193
1470
1223
256
632
367
647
562
754
546
552
167
493
1686
661
271
130
824
248
286
480
854
997
346
320
301
235
151
715
635
363
550
427
266
382
471
296
633
350
738
436
382
434
592
376
388
684
523
1006
350
637
419
234
521
446
1126
388
342
553
687
382
226
465
295
761
317
727
221
427
208
612
424
372
255
1025
493
378
558
749
371
530
477
727
2037
181
739
362
481
937
711
495
218
1281
549
520
261
486
613
557
1202
217
213
401
577
1121
586
790
950
380
1089
389
601
693
488
359
815
708
439
1201
270
359
255
247
281
722
1055
703
591
285
1155
519
400
338
754
738
928
312
402
788
525
249
435
267
1385
467
1471
659
163
153
296
846
1196
534
455
468
939
236
780
483
466
827
385
440
429
1122
634
786
179
306
1248
384
591
1810
290
374
786
884
868
331
675
685
701
1121
314
322
482
292
257
245
820
911
631
826
196
1074
488
382
805
717
934
409
228
290
369
968
612
1371
553
702
259
1163
374
393
1540
237
158
436
462
423
499
299
332
404
198
721
1162
450
824
448
198
669
439
520
341
135
147
266
258
873
335
449
432
330
373
297
460
197
231
407
658
603
539
526
352
462
237
240
1498
317
475
161
344
684
374
390
268
1082
183
267
508
738
341
304
970
477
773
783
387
953
925
2025
236
229
394
1174
942
620
713
911
728
916
123
362
270
282
1009
267
574
1263
379
491
507
748
155
323
457
336
731
320
261
501
166
756
294
401
561
235
887
883
676
1206
510
217
416
620
1365
244
744
467
462
980
530
177
1422
405
1030
584
573
186
1278
470
498
265
677
79
218
559
394
224
1071
1459
128
227
247
284
1143
205
1185
1123
942
202
1858
295
1189
515
1623
415
109
305
811
534
413
552
218
293
856
308
975
327
762
405
902
1142
451
780
90
718
1055
306
306
442
137
411
269
1425
534
1143
365
396
352
428
256
274
207
442
720
929
560
2103
752
833
247
292
311
502
287
524
968
789
434
1062
523
282
178
184
331
500
860
148
373
877
291
301
627
320
301
851
417
401
618
286
627
351
543
916
805
638
304
1175
608
428
120
226
773
1136
605
648
360
1025
868
190
896
1246
137
325
358
405
287
919
470
234
473
1194
655
454
213
283
851
202
237
549
640
898
572
1644
410
585
440
681
673
328
318
321
448
683
707
182
219
523
241
999
186
371
439
317
322
695
474
531
873
214
823
203
646
525
202
334
686
390
965
771
246
939
596
1264
824
721
560
706
143
311
1142
394
278
386
732
1800
665
618
923
528
296
1604
558
512
251
714
576
158
442
1383
836
450
178
926
602
662
300
239
483
443
299
408
490
208
249
763
416
596
669
1017
1119
253
699
512
555
284
1364
816
161
387
1845
503
700
381
399
329
778
346
506
586
363
315
420
1265
358
1333
752
183
379
421
478
176
822
695
129
335
452
386
989
289
260
621
176
534
708
817
1345
248
621
715
668
389
657
992
364
452
363
369
779
149
357
266
1601
289
1115
513
1269
954
141
311
202
478
304
407
230
295
914
331
153
282
183
884
706
179
267
217
649
777
163
356
392
373
469
523
399
623
713
1818
528
372
197
586
582
508
853
250
274
422
978
242
322
417
365
374
281
251
356
321
973
417
966
966
96
344
283
343
296
563
353
953
447
171
678
532
265
355
132
532
190
361
304
233
1354
307
304
456
1204
1651
961
401
240
222
695
432
466
220
617
719
1161
348
575
658
349
291
148
1001
471
688
537
422
724
226
397
558
590
322
972
509
217
483
949
348
430
623
595
219
672
710
727
1533
763
502
430
366
1017
730
244
829
765
234
416
186
454
517
1171
307
414
577
570
491
518
410
1191
125
390
354
248
569
845
884
352
1611
306
487
532
615
416
759
402
1159
948
150
253
1081
697
578
405
506
672
659
480
366
1093
495
399
246
679
202
974
380
840
357
696
270
321
232
543
301
1074
429
555
335
476
470
679
366
908
666
934
249
577
302
1792
294
935
702
410
741
738
163
766
925
343
298
611
566
200
548
360
503
432
772
245
278
537
862
580
286
613
227
894
568
269
207
242
2138
400
202
295
910
446
154
481
461
193
755
243
620
902
474
702
878
304
494
400
130
675
294
185
730
1158
463
887
304
127
415
1339
158
1890
497
299
885
656
840
638
941
412
482
726
1273
584
502
231
166
200
383
363
447
1701
254
732
250
1112
674
357
646
227
376
213
309
442
518
225
360
732
945
234
174
1332
321
267
666
141
517
265
1251
443
1236
1377
607
188
744
914
284
644
1235
884
410
1208
301
538
182
338
355
859
655
573
318
648
290
158
665
535
628
587
323
1001
1411
434
203
515
796
615
348
309
942
190
959
1410
765
256
620
438
626
735
310
367
352
497
918
279
532
346
629
1367
522
885
416
346
1718
552
448
895
1025
380
278
592
384
756
568
1105
490
483
225
607
1617
253
299
1357
323
335
283
166
373
333
339
144
1027
983
352
603
301
1233
345
231
712
358
192
272
1049
493
207
979
131
371
365
365
370
887
1352
1125
320
844
346
979
376
355
761
462
185
526
602
456
439
239
425
377
1484
959
2030
254
347
265
242
660
363
371
176
248
260
879
283
246
648
485
1095
957
399
496
389
510
621
1245
234
387
598
244
340
285
545
1351
300
249
171
321
375
773
1086
525
280
441
500
289
1351
463
842
480
377
244
945
181
480
352
955
405
268
860
314
517
364
521
523
1933
246
1151
749
529
608
175
579
705
546
245
177
303
124
1338
436
386
776
1685
1260
593
606
378
558
478
412
158
525
758
1699
634
301
831
754
291
977
244
729
198
535
590
222
491
1152
353
806
328
308
369
355
181
84
399
593
885
641
386
458
499
560
487
621
175
1124
210
357
287
180
440
195
431
188
243
475
264
1988
213
1333
750
240
871
277
403
683
335
776
712
427
817
873
141
372
435
553
363
280
413
563
1009
1064
360
204
606
739
304
476
454
306
380
319
167
416
390
488
1355
606
570
476
421
997
542
654
334
298
568
550
1024
844
807
652
1067
179
789
266
760
627
99
856
498
270
310
865
834
255
551
826
584
670
232
195
1701
361
445
346
1466
593
296
592
1105
378
291
281
420
584
537
377
427
134
654
357
473
986
330
1453
494
152
194
414
151
552
313
437
954
688
241
440
641
646
353
573
811
635
489
321
352
146
857
964
526
783
475
383
666
500
289
569
1068
255
586
1032
304
558
243
805
921
984
380
571
738
436
688
570
1607
771
1384
883
261
581
1472
284
179
238
429
868
297
293
706
661
431
374
896
542
463
629
318
480
509
221
855
1060
359
565
343
372
416
261
234
764
816
920
174
477
868
600
257
1267
698
357
1005
963
1187
351
692
521
493
845
562
661
93
420
1254
263
205
556
285
162
387
154
336
244
522
1254
1210
129
362
1329
336
99
423
242
472
451
601
1062
421
306
497
493
479
353
538
1238
448
463
325
659
262
693
999
653
529
719
251
531
309
106
1000
933
873
232
500
860
644
478
961
303
899
667
565
86
1179
257
330
181
351
682
789
1142
552
832
149
578
704
618
665
359
559
635
1013
919
664
859
441
596
383
1078
442
892
246
253
416
197
956
395
664
1486
335
495
904
251
850
687
253
903
230
633
278
353
892
1497
262
305
531
200
317
311
770
542
331
206
357
627
660
277
866
404
486
475
639
364
439
605
507
709
867
338
1146
192
603
252
967
225
300
839
257
698
303
364
443
825
108
719
416
634
599
473
358
329
798
178
477
310
578
301
1238
456
339
918
472
267
1979
202
315
1426
608
586
566
1306
439
284
811
704
855
558
520
342
782
490
208
173
1850
116
483
812
220
521
368
512
265
125
459
521
804
627
314
261
720
958
730
382
181
128
380
169
246
432
1351
1149
770
177
410
669
431
232
164
237
208
308
453
125
1217
468
1551
287
547
602
314
726
259
344
595
426
1778
353
355
546
294
260
417
878
200
1023
592
744
645
347
449
212
285
564
218
360
374
602
1322
450
1152
968
417
311
278
1231
269
205
525
970
553
412
394
413
724
731
755
1342
97
1268
823
584
629
142
685
391
263
890
773
621
276
606
192
407
807
675
496
575
435
458
771
946
273
652
484
624
603
347
752
245
1355
403
236
677
293
835
205
274
1298
847
305
920
435
628
673
147
461
817
801
347
262
193
601
548
504
521
309
366
534
294
399
1281
326
895
