561
2279
148
1706
243
369
623
348
219
429
448
704
960
381
977
1944
351
1137
469
485
280
257
487
1385
656
916
556
356
601
599
297
120
352
237
1176
754
404
227
1774
308
430
526
1576
222
762
736
799
186
216
834
126
770
488
1960
324
442
200
603
241
609
294
1085
1502
293
221
749
331
356
2063
2278
915
970
2311
1045
424
263
1080
229
1019
443
2162
867
368
514
1595
1941
2144
1452
776
412
374
831
252
586
774
469
679
771
752
931
150
974
573
1022
132
455
240
1197
758
826
1208
543
2423
1271
682
1665
944
325
711
809
460
533
600
1150
955
317
331
649
956
405
413
648
411
364
180
485
1027
292
106
593
710
1569
903
848
653
621
621
143
2077
780
407
1253
364
647
1030
763
1258
378
919
489
668
1258
1284
309
542
237
3575
282
469
334
2372
519
317
1568
2174
979
396
506
170
1970
712
427
546
2957
579
730
144
1083
302
330
1201
3222
428
844
1548
300
1023
293
900
1083
881
1667
242
939
552
758
811
682
194
301
274
596
976
808
482
349
696
410
502
374
1647
1129
432
208
645
353
898
507
505
253
373
457
352
578
1631
290
584
395
473
287
623
414
344
519
2841
1758
764
720
590
2721
653
1235
1471
1290
1728
144
476
369
176
183
1012
1245
668
419
652
1294
660
292
1061
1142
789
1599
1207
603
1044
1715
812
2715
654
1515
298
296
393
216
769
231
886
510
297
313
647
318
1001
1485
540
2546
879
1452
151
193
2413
1206
1301
1462
294
1417
204
420
851
778
432
505
668
183
3632
571
1128
698
883
552
776
1000
246
887
219
1008
2368
292
2542
97
224
610
174
285
1092
1860
1503
2517
1507
1295
168
2550
282
1010
992
498
278
1987
256
2741
467
360
643
818
769
1033
1052
278
314
390
584
265
852
594
112
168
1731
633
172
521
82
696
306
253
1369
523
3634
931
190
1454
390
430
465
3301
343
1686
632
645
444
714
532
227
1907
397
3583
270
2056
777
537
398
1329
1469
376
1207
624
400
392
647
985
146
729
2332
570
246
868
667
271
643
888
198
392
1061
769
166
237
655
580
716
1208
1157
560
632
146
163
1336
726
2940
1361
348
610
735
1029
1110
471
264
1542
5661
394
291
298
247
392
893
908
192
1542
489
1255
389
191
222
1575
401
360
538
627
610
1869
1481
434
691
1283
137
1653
676
390
791
469
127
416
942
916
2769
321
1149
407
2126
229
2532
2358
1065
497
616
964
494
281
885
675
2525
202
446
724
712
457
1250
216
1099
475
3686
2016
690
776
2038
875
763
602
864
183
2133
679
380
355
1301
1244
1360
336
1260
890
513
1010
311
915
441
439
271
505
308
1077
668
264
1603
1248
542
421
4317
526
3413
392
469
242
459
395
393
422
248
1253
785
351
513
299
429
365
572
297
307
1427
743
393
408
572
376
372
1170
1612
661
343
1044
616
1335
362
169
357
422
511
2131
2002
1314
965
206
236
541
1826
784
256
333
1953
3022
204
1352
306
399
505
332
1567
882
134
788
308
1274
1674
444
751
1470
297
1070
430
214
343
1351
1622
4408
1535
214
685
1944
522
259
578
235
477
615
419
1974
1162
358
180
522
745
374
623
421
2372
1405
651
705
214
820
514
406
2324
2796
1217
1054
1401
829
120
254
1170
278
535
553
496
649
1715
160
1221
489
588
905
1374
137
726
1224
334
3275
799
931
444
486
748
401
381
183
780
1779
1719
460
607
584
892
757
685
1284
3098
1251
349
551
949
1457
159
217
373
940
622
894
527
755
231
322
476
474
3586
423
473
956
790
1005
1025
395
596
1973
724
285
356
1243
1928
244
764
519
480
367
531
351
1469
570
249
1119
148
467
107
458
802
1223
538
1569
871
987
987
393
1407
753
2186
819
643
466
353
711
207
620
252
1146
739
441
286
1616
468
158
132
537
818
1922
152
639
274
1618
1986
335
558
431
175
982
599
371
509
554
269
1101
784
460
449
358
578
1236
1201
2979
711
1323
947
820
272
642
1065
1183
794
990
426
699
384
151
642
287
703
926
325
2264
890
800
1644
1075
401
814
1457
506
1800
287
444
123
254
474
357
475
602
223
513
718
713
293
226
303
750
951
528
799
1097
243
461
1477
2976
699
328
1019
566
544
508
544
144
116
673
426
279
370
1101
378
325
614
975
367
513
189
725
365
545
335
356
1206
596
375
214
755
157
419
667
2562
460
523
930
272
656
1390
352
258
363
953
194
416
458
230
365
587
445
683
829
813
1282
853
2204
1035
583
115
2023
2663
888
193
740
340
1037
769
862
281
523
1314
236
235
1992
609
108
414
1499
1179
3336
3019
895
1251
1417
1382
449
1920
445
225
1103
840
1229
224
556
450
506
1148
698
1375
702
1732
1109
536
179
292
426
1970
913
785
192
592
1431
211
518
1139
725
959
356
725
429
705
1339
320
878
1045
444
671
489
1862
221
1830
913
1086
407
923
3724
224
1007
346
472
1044
311
358
737
405
280
294
244
185
288
570
213
339
309
1686
548
730
1153
286
742
405
317
289
1243
508
1795
230
2021
261
510
1801
1674
1293
2754
367
365
1386
1165
1732
3230
214
517
1447
341
2080
307
434
1093
416
866
625
216
942
331
342
201
282
3431
233
196
571
642
444
2649
442
279
2936
237
365
205
844
180
559
630
1103
811
394
225
472
526
277
1327
220
314
438
353
3237
1151
119
1989
349
894
431
356
2560
935
423
156
654
1207
210
781
1559
1695
573
922
1031
867
976
952
289
721
638
1308
521
235
139
3269
2940
156
347
298
210
1818
1288
2443
527
310
783
369
1307
770
311
1090
3010
237
1393
1346
131
387
536
252
142
611
792
1311
555
213
418
798
1375
2104
872
196
691
1941
234
1592
1097
967
187
859
617
1070
323
291
1019
841
811
1316
623
825
946
587
1037
499
295
1269
766
888
257
1114
319
348
807
454
526
221
1170
391
367
2233
972
1991
1057
432
136
894
422
722
679
318
979
322
344
735
519
443
1179
238
373
958
786
1584
577
1011
1292
4018
137
570
140
152
757
592
713
668
525
720
248
515
756
1164
319
1090
2739
608
1254
709
863
1019
2311
807
1130
1629
314
604
497
299
336
485
627
1204
229
2799
228
588
330
533
167
1723
1004
551
808
192
118
858
546
2561
1021
847
788
1776
229
288
757
342
336
1249
898
909
679
1580
1301
142
499
699
1665
960
235
283
242
140
499
331
1307
351
580
368
162
201
776
342
1720
1688
297
1201
487
392
267
392
491
554
818
721
189
1011
588
536
1265
152
196
2034
266
1380
225
607
163
645
291
545
409
712
469
1634
348
2073
779
398
357
230
129
394
380
446
653
545
851
338
2248
1816
265
1422
822
3288
751
624
1257
784
976
189
1365
373
342
637
1589
548
437
1249
1476
1172
267
273
1101
2073
405
443
197
1216
643
280
437
1579
100
1006
525
413
1358
335
315
752
635
619
3433
1778
2251
314
1130
598
1132
185
541
409
523
358
634
638
934
405
675
837
221
453
1068
1699
264
2030
1094
593
276
1899
467
242
321
332
613
295
371
1233
611
175
662
397
987
1123
355
1457
346
1045
534
510
212
741
1431
453
846
320
300
956
453
1047
2836
1006
502
1018
732
249
1552
611
1999
587
624
204
686
1004
1703
5031
826
620
3923
1280
560
1079
933
203
975
179
866
298
660
706
1025
423
1285
298
416
1137
142
243
380
2905
327
299
250
292
883
154
1289
732
2960
315
116
1112
276
923
743
604
362
529
1779
407
283
2400
128
789
1262
687
229
859
586
412
885
260
627
194
1342
252
623
1502
1723
754
295
308
460
825
540
438
457
1270
1346
506
977
154
2221
1042
838
1115
626
898
1562
500
564
385
297
1560
1417
394
679
410
382
730
476
254
1499
508
259
307
351
1696
484
1888
323
436
1023
318
533
1447
444
1753
1651
346
439
838
2889
778
298
297
684
1063
664
536
434
351
1084
395
1167
220
617
721
244
1065
415
707
247
371
2068
694
561
1383
524
431
1256
2066
570
743
618
1750
833
276
1006
212
676
1329
546
384
606
1444
732
880
892
1194
652
936
317
365
1387
673
161
1782
771
711
358
490
123
240
202
1626
221
575
684
964
600
3994
563
301
364
475
712
448
982
451
2236
116
451
450
1279
1629
276
774
337
684
1049
664
259
310
582
389
1410
426
275
2215
787
788
1835
443
827
120
453
833
157
1192
1588
1271
1847
512
367
644
922
927
747
635
464
362
203
349
169
621
689
2143
352
317
304
500
747
216
581
425
1063
581
1043
493
703
336
507
1319
1556
460
635
157
717
327
781
1773
2092
767
730
799
854
1908
725
288
631
667
623
219
628
767
1404
3327
345
337
715
1224
674
1984
633
360
371
3229
285
747
392
857
960
600
1283
1776
436
2439
240
274
2818
493
895
543
381
1567
204
895
813
374
151
1211
231
300
236
785
536
748
278
2427
3520
186
1247
800
328
351
303
381
303
447
919
910
221
279
860
1114
566
933
590
242
358
877
318
1170
182
965
404
374
485
379
276
1192
378
919
2751
2523
1667
1085
1092
974
333
169
888
400
1054
282
600
418
1116
693
2180
1103
370
265
288
1442
250
648
784
329
1463
619
1495
136
1207
1098
389
781
519
559
2198
306
1189
427
81
1750
1473
643
382
459
1208
624
243
688
298
160
421
1343
840
846
309
265
333
284
335
372
202
498
1498
142
462
469
446
575
364
134
538
384
240
891
2138
433
1429
535
1490
74
980
3032
1245
1233
3652
102
378
128
327
792
540
452
2110
780
263
877
725
348
744
302
904
1478
233
309
251
1896
398
403
1417
829
244
287
666
860
1378
3628
1276
1118
363
3974
618
1333
1088
849
1281
535
1161
537
1417
284
1148
1182
342
805
1068
1856
454
703
238
775
658
318
364
823
948
315
1799
224
925
2252
225
384
791
397
2151
654
1251
594
514
436
230
427
365
1809
1187
416
602
930
994
252
578
1148
555
1580
368
1906
514
725
1053
919
396
132
557
2772
5904
287
421
400
922
1153
1638
1311
2454
490
404
506
335
563
497
745
1058
188
635
490
619
320
306
548
517
1126
274
643
670
1753
397
1095
962
6133
770
403
316
811
217
808
832
601
360
1426
1445
4206
358
763
275
866
931
707
160
389
287
1963
859
2002
354
355
159
474
187
1274
308
1260
200
484
892
1231
1102
422
1176
857
1614
1423
772
1086
760
130
185
270
313
780
189
222
2014
238
675
537
516
463
1449
296
333
832
1795
1165
815
852
1052
318
2607
564
379
224
321
598
1868
449
1222
437
491
577
553
297
853
548
1434
369
1833
539
595
426
174
925
549
1002
439
448
238
892
767
316
203
617
256
278
612
431
473
643
754
611
751
284
1438
413
1694
1366
971
148
1112
503
233
254
724
1270
946
1996
605
2191
556
294
245
309
1288
599
1069
921
1891
2841
1023
1218
961
460
1276
1744
526
607
973
1294
385
1130
220
750
407
216
1157
398
349
1241
839
549
124
426
481
303
2708
1073
920
619
187
715
1985
1773
638
545
989
1583
452
1067
1934
347
230
947
863
242
603
2075
1203
375
874
1144
442
284
1188
506
922
464
507
212
415
472
964
311
1465
468
474
154
324
335
1720
119
3122
603
724
1058
131
1053
533
112
1039
477
265
1356
819
1229
1437
598
416
616
850
1611
291
523
1165
716
982
540
165
1233
303
315
516
76
322
924
325
327
523
1499
593
562
621
1950
1424
1485
562
372
398
1057
367
865
811
246
2237
1641
149
757
585
828
634
857
175
2613
569
1532
209
843
965
2166
384
171
1942
191
242
810
216
807
1470
429
1750
248
1175
341
1707
813
758
251
422
877
541
687
520
508
1598
314
424
526
749
233
1495
462
307
249
749
238
2915
310
844
455
404
350
1374
3495
148
955
1681
868
470
1341
106
1377
328
359
456
1081
131
1319
1415
493
1415
1955
874
1119
324
716
1465
684
2497
760
454
1123
1095
1266
422
914
724
1710
497
2165
934
1462
244
618
562
667
2704
1172
301
305
932
214
1140
1384
856
2244
530
1838
221
165
267
802
1163
1112
140
746
1269
665
167
2173
256
3728
247
428
644
2315
608
528
740
1646
1015
642
1082
1292
522
615
428
454
548
4867
270
306
1841
1199
2404
183
612
555
875
364
2134
541
444
483
1783
332
604
327
569
379
175
1693
1650
337
2365
547
879
450
127
165
940
265
676
625
370
863
485
1041
2376
416
184
392
644
731
619
524
364
339
516
940
1098
3021
396
859
272
1612
1945
284
391
372
1479
2486
1436
250
809
1081
5792
135
1830
755
395
928
872
452
1403
569
759
349
446
247
522
476
316
206
263
720
303
158
1461
1939
534
986
1052
2256
1028
822
620
589
855
1255
200
580
529
960
284
448
292
621
956
229
845
2531
381
2552
1322
502
255
551
911
238
703
435
728
2477
1261
953
404
175
172
957
122
451
1352
675
917
668
454
256
1442
714
306
508
412
502
176
471
750
1130
2149
217
1860
806
118
1235
312
306
979
593
828
1003
205
283
775
159
955
1128
249
280
1126
805
601
765
1132
746
402
1666
2719
1697
1168
448
874
952
334
500
321
1237
1172
528
309
784
776
548
575
1631
1501
1028
390
1771
114
770
1898
513
167
1348
459
149
1622
997
420
384
194
385
335
1673
743
936
881
390
845
903
914
111
2016
816
906
251
765
1241
591
202
999
119
453
794
922
3300
1667
114
508
1530
670
540
1602
119
358
660
420
286
1299
130
1579
748
353
277
576
257
677
637
359
509
3745
718
527
2075
486
266
1951
166
555
526
280
782
616
575
2044
945
1050
335
291
226
558
1306
512
411
1023
516
367
981
1067
223
402
240
2225
700
528
272
665
485
964
385
804
349
359
458
440
466
422
601
534
651
1565
3351
719
235
411
562
490
1342
756
208
434
884
231
1426
1441
1308
1838
404
402
957
548
661
478
558
2461
239
877
855
286
1534
943
2459
113
1548
1179
586
671
880
1444
2458
405
791
573
340
283
2123
230
601
1239
956
2270
682
1706
397
1252
527
1434
561
261
412
980
875
873
388
305
1113
732
366
725
667
638
266
328
582
1493
1033
140
1728
314
1404
2136
409
401
441
1864
3236
1206
800
326
1469
686
350
454
87
803
1076
483
317
239
531
2169
540
2045
125
521
1617
451
575
746
352
345
760
746
306
470
1385
113
902
806
4874
603
1690
500
1785
705
1151
2202
492
269
232
2361
304
403
762
1970
369
651
512
1263
236
1140
810
389
1371
369
305
1045
587
567
928
1429
659
483
593
1696
224
512
479
341
90
409
842
279
240
534
1547
306
330
529
771
556
575
743
452
809
644
210
2023
909
836
2069
935
201
786
726
238
967
781
919
153
623
494
424
1005
756
548
1262
497
441
407
695
574
3564
451
740
611
686
929
1901
610
178
250
1243
1194
330
130
930
1441
2545
733
638
1220
2295
879
528
1056
221
965
807
145
107
767
518
362
806
275
252
1020
1103
867
291
626
225
105
660
190
484
2342
242
856
839
1357
242
698
428
852
377
607
360
588
545
553
340
282
679
1507
500
933
1013
1514
402
296
525
906
1104
467
440
673
479
1260
369
370
465
302
864
1735
141
422
2557
523
675
1361
6260
834
506
2279
501
890
183
3102
1209
301
608
374
1079
642
2702
285
608
615
237
2543
1836
1663
901
1535
724
2019
495
363
498
807
406
775
857
414
3643
937
1130
399
827
322
1368
398
830
838
608
617
697
801
618
540
499
510
2398
688
1716
306
314
225
414
591
562
1210
390
3360
301
594
576
1624
232
525
457
596
376
1126
1726
170
494
4538
320
419
574
216
883
339
360
150
448
609
238
532
548
790
921
814
785
237
755
961
785
2191
151
681
464
947
846
384
314
865
646
228
2559
3193
856
531
481
552
166
1674
818
377
744
583
898
267
465
391
478
306
440
854
1061
286
352
387
1854
309
839
914
183
1758
549
161
1574
657
791
1488
294
159
457
680
252
945
398
603
360
472
450
446
275
147
2732
754
928
1005
472
796
450
626
1117
654
409
742
464
1320
149
262
605
184
207
230
1508
1935
3197
354
311
1586
1349
229
671
288
689
940
206
530
953
1402
504
357
775
273
556
220
1296
189
1288
221
2100
403
1505
466
2721
708
346
376
1452
540
1950
418
675
1236
425
864
1802
427
1537
180
376
2844
995
894
197
1279
859
757
397
764
217
645
306
1146
620
219
504
439
857
162
1152
2284
391
1248
226
422
1923
1669
1138
663
506
286
1130
756
536
429
246
615
472
719
2602
466
400
1460
511
2408
293
2393
1307
1534
310
268
152
517
2473
948
676
300
1095
350
1859
1511
450
5057
344
1904
140
1394
1648
1005
1558
486
167
1124
1299
768
716
253
434
942
1035
1957
424
1272
446
979
1073
773
451
797
302
808
561
256
1791
469
357
371
155
355
323
1803
3444
180
635
2781
692
1393
588
283
853
357
463
362
653
840
509
317
1061
1541
207
224
140
1258
444
129
355
578
624
2060
108
248
466
474
2764
738
783
399
290
860
231
179
404
601
321
630
393
744
204
476
314
790
648
779
652
1293
345
376
460
841
312
300
1841
495
901
2962
387
486
793
323
893
198
516
1695
457
930
597
523
1124
297
312
253
512
3595
588
198
697
780
587
1405
1011
682
253
371
187
2731
570
2529
773
445
1564
1021
661
579
324
298
216
936
696
369
1174
1725
201
1103
945
1054
2258
386
241
158
688
494
902
275
2217
912
3099
219
1842
414
344
1209
807
514
199
601
834
568
525
489
1085
1211
368
1321
341
808
766
291
688
355
411
785
352
645
929
461
765
230
946
802
1147
581
1071
1092
170
771
294
991
1455
1184
374
727
1037
449
402
620
417
491
468
418
543
437
1075
1556
705
679
1603
627
677
1541
472
336
703
722
271
184
1325
88
830
528
293
451
722
189
907
683
1286
194
199
939
1101
288
1031
212
441
992
298
287
157
622
3824
281
867
1155
297
472
462
322
524
1390
217
172
625
329
501
2255
1140
3105
1585
1230
1439
94
375
3391
241
389
451
311
1099
1050
389
839
297
1749
216
484
181
1166
350
367
696
490
292
609
2137
1183
345
943
2022
575
396
332
907
813
337
446
260
474
876
484
448
640
1383
1136
470
249
1647
708
798
954
591
251
1394
1236
754
494
341
372
244
1349
553
1610
664
489
395
317
1524
519
525
1361
680
689
360
1229
484
270
290
410
588
327
283
308
244
970
187
674
350
1613
505
538
1148
217
244
1011
688
1056
238
1410
1523
334
379
2230
344
367
914
230
933
152
1400
751
675
510
869
848
919
534
542
437
2878
572
336
1272
2711
521
191
482
1050
127
521
2003
1496
1648
276
599
1526
648
213
368
236
417
370
1466
2014
587
668
1959
298
1425
1243
577
422
994
574
472
4846
688
858
315
378
753
1484
391
644
496
800
2479
1815
1506
672
308
1225
411
1377
2642
313
530
272
576
236
204
458
157
1176
597
748
307
393
604
159
912
464
697
587
1040
252
442
317
858
413
1182
728
207
379
771
780
750
712
4668
4494
229
461
439
992
374
1197
301
839
1049
1748
1222
513
1024
717
240
369
506
326
677
893
442
1322
677
308
872
296
591
595
1133
822
1332
856
2179
691
893
1700
954
616
653
1512
978
353
605
854
1757
1327
542
520
1663
624
422
626
596
1334
368
391
1109
1627
2530
770
958
409
324
752
219
1980
377
792
344
2802
143
226
1975
135
673
792
686
805
393
581
192
764
998
352
137
778
229
1237
955
4436
700
410
1068
2163
300
889
813
450
338
862
843
400
532
761
1395
602
1178
553
823
645
128
662
1908
319
155
1270
223
1197
1705
1322
273
1651
333
1674
1996
303
410
1036
443
472
517
154
1579
458
907
709
639
870
225
254
1011
414
397
182
357
1025
1859
1099
322
616
414
355
229
530
291
2982
287
825
493
260
2265
410
1392
1635
361
235
121
488
254
162
1084
1087
365
900
640
420
876
1065
1063
415
1978
1562
467
583
356
848
312
845
298
752
685
124
204
1071
364
1622
384
496
459
698
1550
531
1108
875
426
592
497
338
551
351
343
325
656
160
483
465
955
1089
580
441
328
217
1633
263
810
243
363
1110
902
1039
860
665
1542
305
1250
377
924
573
247
1114
277
308
780
540
652
561
1392
263
336
559
358
976
288
524
721
2213
305
1078
708
941
480
1048
745
4000
2322
932
1079
116
435
1239
588
1682
1019
228
1277
956
1939
273
1078
363
445
406
841
532
186
251
365
1835
481
405
715
1201
751
183
1471
494
791
452
556
459
318
2098
295
725
720
224
146
147
471
180
1531
693
202
1413
484
439
398
235
1932
2383
1442
817
779
1551
622
1200
417
3008
573
2094
622
515
312
292
178
667
417
866
947
266
1143
271
705
1811
529
879
2345
199
529
1169
235
754
601
782
439
3268
1283
367
1667
270
604
156
2389
872
686
1346
561
2691
638
1805
2980
545
781
654
611
416
3067
234
256
173
440
1846
675
2084
909
1241
451
452
581
1399
803
903
991
716
262
447
518
1366
1251
803
411
352
1146
2060
1145
602
683
272
365
214
1183
145
3436
169
219
2209
903
181
1298
215
1038
1497
525
204
288
219
168
281
879
1803
132
325
633
968
442
398
197
402
608
1005
380
417
472
406
546
311
509
467
1184
2135
736
1037
670
629
297
311
969
633
508
392
1303
2657
902
743
400
229
358
194
1132
1081
223
1044
2202
390
616
548
548
814
576
258
856
379
547
459
2342
375
229
772
842
468
2518
674
1701
403
1200
1013
369
237
266
368
592
632
580
1743
2035
113
1115
682
85
1292
1316
802
1002
292
685
1853
1234
1271
173
5415
802
938
80
2438
235
1531
401
870
2043
446
567
484
156
468
471
978
351
716
607
1278
2197
556
215
416
850
132
91
876
2614
342
426
1097
1242
1532
1487
958
1077
519
741
271
244
228
1638
446
4163
1207
1593
333
290
495
282
444
217
1593
1693
572
648
690
2308
650
506
1454
1492
3690
1655
230
313
1080
570
398
294
745
520
429
1788
412
544
1598
590
994
531
384
385
925
1083
602
192
213
194
728
767
2296
554
652
657
2464
889
498
612
341
837
298
573
1247
518
607
100
445
1002
60
727
384
381
228
206
650
432
367
2124
419
257
447
2271
2039
1700
703
427
122
885
436
330
572
1027
422
537
1299
333
1606
648
280
267
1059
614
411
1112
699
552
299
607
531
319
249
589
823
550
634
643
559
310
898
3012
1636
450
209
545
573
659
354
767
521
312
682
384
190
145
822
2593
400
924
242
872
901
702
908
2952
1050
300
979
2000
425
959
2426
4704
400
510
224
244
458
529
1158
219
1717
203
666
673
697
322
224
102
691
1559
482
523
711
2033
254
511
529
103
316
373
188
128
502
621
185
315
1251
1119
429
267
624
473
422
975
694
1836
581
951
890
306
667
733
1039
1225
849
524
389
382
767
898
2158
1677
628
415
1005
4309
909
336
802
208
528
433
595
1058
898
277
1037
232
210
2299
118
764
1245
921
108
478
1647
664
1316
769
515
630
283
204
1091
375
289
301
2479
255
919
2703
612
309
361
707
238
860
310
1473
544
415
173
569
611
1369
3487
818
479
752
571
172
118
931
548
328
1056
460
686
850
712
639
519
269
586
244
143
358
620
595
205
364
258
310
1010
2536
242
326
190
469
528
1975
251
714
809
179
219
1462
838
389
640
315
292
774
1314
486
466
316
228
999
984
132
658
731
974
2115
378
297
601
111
460
754
2610
465
526
465
312
2135
234
478
284
1073
729
470
790
145
673
1069
451
156
429
491
162
254
218
334
336
736
1006
390
236
719
103
510
377
1582
1393
1744
899
902
383
2386
1376
119
334
2714
613
798
1089
995
513
888
2507
4384
851
1913
737
323
2268
418
277
569
905
736
537
423
858
578
438
576
842
347
1035
2734
232
290
1508
264
404
962
644
1026
352
722
1447
1016
262
327
497
1001
279
679
505
330
928
366
499
456
311
2783
614
674
1211
280
528
687
274
178
657
986
876
426
866
470
2488
509
489
1037
2037
1304
468
374
380
939
651
243
260
822
206
1973
200
1161
796
335
456
229
843
343
548
348
1470
3775
523
509
5268
1357
1028
777
612
1000
819
310
1578
245
1343
1017
241
1257
1337
1558
853
885
531
590
624
1630
134
774
1945
756
352
544
199
464
3014
1131
504
710
1494
1613
2735
676
602
245
689
738
1087
355
395
569
2127
717
124
799
3627
941
400
1387
993
217
603
1086
754
340
654
302
420
533
275
963
849
656
1284
1272
548
382
398
449
736
977
466
621
392
861
629
215
1184
1646
381
327
1875
1302
2409
391
457
692
987
386
2061
319
210
673
2425
577
857
803
677
1065
301
826
940
549
3339
568
337
1340
4892
320
510
417
423
1359
936
1076
628
160
1058
634
304
529
240
180
276
500
593
750
812
993
2263
1164
1490
673
792
778
110
2137
585
563
1880
896
231
1012
1397
365
666
374
470
1296
302
243
434
270
2914
452
874
595
196
236
173
1113
161
426
620
235
489
239
515
497
989
770
624
572
3872
617
1354
286
1155
617
1224
1221
350
299
575
251
1276
623
759
332
397
438
1110
322
491
465
851
859
1260
675
501
453
222
903
2479
2241
228
945
516
295
1214
327
232
901
415
272
848
204
336
354
235
849
1422
1640
1282
997
458
559
336
152
2042
669
236
291
158
4697
516
285
718
477
544
570
1135
204
217
850
932
485
545
394
573
138
480
442
584
991
311
427
546
757
206
1540
956
266
933
296
589
755
2294
735
99
1184
981
347
1082
310
297
824
134
286
860
752
748
149
568
543
295
1065
350
212
496
429
517
349
655
1450
506
871
865
216
347
575
793
538
509
369
255
687
417
320
1369
714
221
300
209
652
3768
278
447
350
1271
847
660
1354
842
725
377
472
594
595
1047
781
876
706
442
2366
810
720
2469
242
592
994
304
1374
618
989
2168
541
312
251
283
491
508
567
614
340
3152
208
183
550
274
684
1446
1351
291
830
213
1335
323
650
476
1931
624
635
357
521
838
3315
300
930
1876
736
237
768
881
1362
1173
564
258
2097
374
3521
1219
440
173
144
825
658
844
1235
2048
1219
265
421
576
606
2016
1481
983
527
594
1223
477
166
1398
804
690
778
1662
2854
340
119
329
834
828
1359
302
236
1704
800
1336
276
351
388
111
256
1142
367
692
582
652
371
434
1249
1165
4417
1095
315
1867
293
156
471
441
349
495
2274
1584
409
245
2244
663
288
666
2923
3279
1598
1044
263
293
147
319
365
1679
287
877
249
711
745
363
960
774
597
2015
322
145
781
967
1015
1567
1256
1178
286
354
753
1844
288
565
1041
439
1477
1177
699
606
1313
2007
742
1583
195
232
1890
1024
1615
279
1410
276
725
351
245
2624
1069
881
356
280
972
1102
689
340
523
315
735
2291
623
1619
256
1132
2713
511
959
485
748
602
308
3578
733
841
325
1668
2423
326
525
1013
1022
667
464
406
879
240
753
363
957
260
416
232
208
102
994
784
1967
1868
223
403
881
373
429
470
1055
178
686
687
333
340
286
280
365
1820
375
2774
409
1745
1311
834
3526
361
1497
1451
541
736
676
193
693
1919
994
654
401
409
1112
764
3159
1451
499
227
1608
317
300
486
241
399
113
815
392
801
422
1313
138
1341
464
681
630
2569
221
520
480
907
1096
1183
800
209
328
541
1202
1107
1441
264
258
462
528
783
495
518
1408
342
494
906
1158
852
413
447
3467
258
94
410
294
219
538
305
1428
619
1013
319
388
693
283
1002
180
330
477
4772
669
323
528
1198
145
607
389
324
1352
341
301
378
327
574
783
1432
4295
1425
358
2587
1202
923
182
2138
515
589
756
459
216
570
556
381
532
1187
223
404
657
463
290
695
990
1240
545
282
920
133
1479
722
692
240
566
656
210
745
491
253
307
589
314
400
875
1333
273
270
138
1512
905
159
1570
188
460
778
1507
488
1058
317
588
809
794
903
801
211
582
1237
2356
1878
1466
266
489
240
4392
348
691
976
588
930
222
828
420
1408
468
1054
391
1644
335
277
2573
1400
509
563
777
206
285
1331
572
4805
197
392
558
177
359
1210
1343
450
232
406
908
1347
453
619
2024
418
458
2505
2648
845
536
617
280
189
1787
287
1404
230
282
439
404
486
468
292
323
714
233
1597
2926
515
274
1670
639
965
373
1759
503
603
1961
965
2320
785
623
458
365
447
224
739
1094
267
682
693
790
2502
93
841
286
510
353
783
474
347
293
528
181
1944
1414
604
938
2344
864
1428
956
398
513
1042
626
593
601
713
612
482
562
431
234
1648
745
693
591
523
2607
241
236
358
1242
414
475
580
692
1656
1340
1528
762
541
359
830
498
1857
532
990
378
852
632
414
458
530
2654
798
2072
1327
1143
587
281
494
195
1507
524
497
362
1159
732
1864
1265
348
507
905
552
1651
2089
594
1253
544
613
209
282
778
352
1144
788
548
1333
190
415
949
642
389
1114
601
1220
552
1586
699
2306
421
683
828
159
353
2067
1995
321
1673
246
558
312
505
1127
1168
681
510
553
1920
373
1053
1222
491
3028
2839
419
2063
1173
1887
531
525
3929
595
439
907
523
788
958
459
3597
1514
460
233
362
229
1143
191
795
449
577
523
221
3895
559
2184
1275
465
625
1543
760
563
459
165
568
386
1239
3526
553
258
801
733
523
2823
2685
906
750
2068
605
145
963
1148
343
887
366
1165
1444
1017
1099
680
701
338
674
547
1141
754
264
1123
344
790
829
978
602
2888
1709
1449
1207
116
543
169
476
468
1498
2237
248
636
2597
810
314
467
694
474
356
1613
697
258
1731
467
487
822
1070
270
1274
260
559
1597
224
634
729
180
187
1921
326
635
524
477
1443
716
222
214
767
903
1109
264
459
1000
295
678
435
132
318
1174
384
3348
415
995
2524
2068
1027
1621
641
197
367
626
245
195
643
680
1951
657
1718
481
129
325
1462
1532
432
598
188
321
1338
366
494
1248
555
1671
498
309
789
3037
306
285
443
210
982
849
1360
385
971
388
896
275
332
665
885
834
1755
846
475
452
1933
721
684
586
1316
377
2663
402
582
2082
883
515
300
1641
442
1240
801
694
368
252
799
381
189
192
648
785
292
227
1634
339
920
1093
492
508
1908
257
2059
431
484
241
844
740
1951
628
1127
410
696
441
1428
474
141
441
559
680
429
683
1343
620
357
1164
254
1025
533
309
1119
1629
309
2511
2340
384
989
539
1358
189
2764
250
1435
1115
310
238
190
372
1418
669
332
777
734
1250
466
192
939
326
432
502
256
966
350
769
1249
1570
632
391
2731
364
413
506
203
600
653
1058
356
287
502
320
677
675
263
1795
795
1051
606
270
2184
412
2026
1789
378
324
1453
486
360
296
622
1548
626
190
159
588
463
1283
410
1454
806
406
325
500
498
1044
345
529
255
2868
561
835
607
433
257
137
417
1376
340
895
207
354
295
665
1342
332
455
1126
170
614
664
1404
431
1534
1877
1664
3606
329
567
309
557
582
463
1058
531
173
1109
989
574
200
225
912
577
336
1235
214
996
628
254
235
1158
181
357
1453
490
255
414
433
613
1623
303
1521
794
2021
722
236
772
279
439
256
455
5051
1202
297
300
608
240
293
665
257
688
300
1702
635
461
1424
576
494
426
758
370
1693
627
926
2723
504
106
666
1581
224
745
730
208
137
316
1194
731
600
380
196
404
578
1709
256
801
523
261
470
693
1810
238
763
336
2983
270
444
214
441
243
420
154
1763
336
1004
328
178
1305
398
1500
939
221
229
503
1340
379
168
961
594
663
161
979
844
1164
433
578
789
289
265
1410
418
930
876
356
1624
349
2291
1008
571
1910
128
262
781
486
372
494
615
1500
398
432
434
232
863
515
202
266
309
548
1845
2414
890
678
947
402
1199
1463
914
427
860
451
437
276
1216
207
146
225
316
574
1209
126
1040
778
1054
1193
608
587
413
2365
1964
160
295
649
164
865
315
442
612
706
733
1458
140
1185
489
488
679
1518
556
173
2235
367
343
614
833
748
390
1056
476
1182
423
644
1595
1159
106
967
1308
241
957
901
1048
135
1889
731
624
1256
552
454
398
1725
355
1441
2345
1919
2548
800
531
189
819
247
1200
424
222
743
374
828
246
110
471
256
1063
215
184
824
1919
806
174
497
783
618
600
1007
1051
448
693
908
632
683
923
605
1500
651
681
2502
744
485
287
2786
861
824
1770
666
680
284
454
630
608
348
1233
262
220
183
420
585
663
1066
771
346
467
284
621
566
1899
486
5607
369
611
740
319
2132
2743
2269
853
475
1310
916
523
547
869
1826
1405
1815
177
524
321
366
905
354
787
267
605
1389
642
192
281
1144
282
189
258
1053
347
393
1323
266
1350
868
667
1297
400
264
440
934
345
326
404
379
1314
926
183
411
222
1426
127
1222
367
261
772
723
366
512
167
233
300
165
607
538
137
919
739
392
1077
1677
471
373
604
975
2200
151
609
696
159
479
1089
183
369
322
921
655
478
285
1076
303
396
1558
491
375
299
325
1366
1418
176
279
265
514
596
136
773
971
593
208
494
394
162
1207
459
1441
1022
805
1171
817
430
930
729
372
1392
811
1418
351
1251
496
267
168
193
140
2111
251
508
520
431
559
190
1609
1564
268
542
598
429
512
1760
865
121
1137
1389
161
1100
672
207
204
580
349
125
778
871
930
2905
923
200
687
346
691
595
1001
894
2993
778
2019
193
672
2724
280
330
1235
1445
852
392
277
620
366
585
322
149
1295
328
1339
692
1319
1641
1269
1179
203
903
2032
509
3311
373
553
1608
322
554
695
818
141
673
642
350
762
904
517
226
366
170
831
536
230
619
1900
365
648
132
359
359
312
424
901
1165
204
221
677
1920
477
179
1365
193
1503
2836
358
526
407
829
429
756
834
1906
1540
796
199
899
514
1604
101
238
713
358
1367
714
2593
406
844
1729
501
1732
802
1965
459
551
626
657
2988
770
197
3412
336
238
354
327
728
630
996
312
186
949
699
652
318
148
1104
340
646
252
378
1492
694
321
1860
426
735
253
432
550
1107
961
392
849
1118
419
424
180
434
997
3142
399
393
1070
594
566
339
568
1272
1303
486
813
881
934
1505
247
123
2092
2014
1510
844
453
82
238
580
149
1928
834
175
506
3627
525
961
299
1807
219
228
1312
304
402
1663
250
2368
763
434
609
271
310
1019
209
389
754
532
2882
191
858
1277
1408
249
385
778
565
2064
251
587
257
1502
328
658
421
939
996
450
907
549
170
571
504
1156
784
3600
3440
447
288
1529
1707
437
120
881
1759
1714
1585
1880
804
1937
324
868
212
631
279
446
532
897
915
801
1167
147
111
911
2276
710
272
328
318
996
120
532
1006
868
1022
406
290
463
189
359
266
1320
937
778
447
720
1324
488
208
395
870
1089
1143
643
1036
695
736
482
396
1126
232
676
3525
1415
415
316
456
330
504
1159
126
1772
749
592
475
2381
823
269
404
265
1015
1894
553
397
223
1348
906
638
302
1183
729
564
1171
176
2195
201
346
1818
259
157
3997
2176
2993
828
482
1016
251
160
1047
596
1026
2272
351
1141
752
377
680
463
392
660
1577
736
347
652
1266
423
270
287
1647
864
1323
165
1084
816
563
940
1176
1778
313
1165
383
179
2154
471
330
2806
401
2408
1322
2492
612
673
1164
636
1451
1419
517
328
496
402
653
743
576
386
493
795
1845
466
197
247
325
2918
187
445
1418
1661
214
445
1236
1186
1283
168
431
1331
376
220
932
286
936
1144
865
155
1456
1745
1376
406
841
598
1505
238
960
570
1308
1087
462
1382
1479
1187
410
690
716
1233
1687
1275
401
1095
772
897
169
343
536
434
487
555
248
379
606
311
715
1616
282
349
876
552
1376
1491
1043
235
639
898
171
353
1604
199
248
296
936
388
3308
1056
1225
1868
565
793
437
222
2842
645
1856
217
216
735
898
318
384
830
1939
1315
734
778
505
170
631
1877
425
1658
527
1201
845
576
192
313
1330
639
2644
1460
953
160
947
564
1996
393
179
360
976
355
556
579
1748
519
903
1741
1218
252
548
1073
1197
636
1512
728
330
161
194
1523
304
179
278
1435
290
1988
1464
3160
995
1091
1312
2135
130
844
762
1087
620
922
323
350
988
609
308
742
710
352
902
491
1156
466
261
135
1756
650
2111
1306
606
1565
372
392
2445
949
991
1604
787
449
292
758
951
1910
420
4801
1023
297
379
690
786
560
509
1156
155
468
303
358
191
250
192
370
328
417
634
1188
1083
560
867
480
291
405
848
639
811
1159
495
1117
1038
452
2981
292
1076
300
316
723
3032
328
497
4412
1513
783
629
303
1374
697
274
318
516
206
2045
300
742
1105
351
210
416
979
356
440
224
816
722
864
563
982
410
716
510
717
581
2052
442
1208
614
431
1189
290
295
236
877
624
204
545
1477
1552
1256
807
1304
495
707
663
1751
366
1600
265
929
232
1614
616
676
634
605
280
317
695
287
399
1950
507
293
284
311
316
5392
972
352
1904
269
374
1637
1464
385
921
983
1089
1647
855
405
2467
1732
2797
740
192
1696
305
1006
1845
381
819
381
1539
162
1441
407
1225
1537
258
1333
556
1057
1441
578
517
986
2612
1277
484
1056
958
1258
813
507
606
907
446
278
1010
510
402
191
362
907
195
509
1099
245
523
565
717
241
264
1421
312
1012
166
306
749
292
639
427
1130
214
430
290
1014
328
1211
1029
2471
374
337
465
864
367
477
1003
645
1315
364
205
574
416
1361
237
1504
1477
318
660
3104
265
250
974
1352
115
879
948
1142
490
338
349
170
317
1628
323
273
317
386
889
348
2842
1747
726
412
630
272
523
145
2387
943
489
967
719
1226
1387
220
434
496
1135
791
408
481
848
685
264
244
243
975
860
422
1744
209
693
223
751
1120
865
547
499
1306
250
197
472
1021
1144
463
204
2948
712
170
1286
373
1057
897
571
1367
682
686
1410
268
410
245
3800
296
831
709
1210
126
135
161
931
240
861
493
269
814
517
263
1307
256
2953
498
348
1253
375
590
287
711
448
1014
800
454
148
556
232
225
367
779
425
278
268
373
579
2777
300
276
474
956
1302
1681
451
728
529
785
1399
729
304
1552
357
411
930
415
195
2009
246
1135
819
354
203
287
488
1019
1575
2276
841
358
1086
1274
727
268
249
1109
188
2959
631
372
1579
468
693
2030
541
500
1303
663
297
435
837
435
502
929
490
1298
528
260
56
828
454
333
2452
364
251
1595
817
437
1472
829
755
605
223
181
1620
367
909
553
1377
238
171
403
1807
378
529
2118
546
672
497
705
749
234
645
678
706
912
854
723
5636
179
1408
330
729
908
853
705
953
1419
177
837
159
328
326
2745
50
229
2919
305
445
202
353
503
523
1252
777
358
831
1533
314
372
1659
565
308
1695
534
542
364
862
736
166
306
1392
251
2122
563
625
1147
320
663
516
119
492
468
681
1196
2504
1620
320
738
2759
1441
3112
458
1015
102
486
373
222
1434
193
8250
155
336
940
264
1133
1056
1645
553
389
275
1549
1010
320
928
556
581
354
473
836
679
634
647
197
492
624
377
450
2469
393
367
226
183
91
332
164
570
498
2371
996
188
291
757
611
731
560
125
170
1739
1029
303
4732
398
242
302
1745
567
917
1597
905
404
1302
345
166
241
1085
1163
221
973
1046
732
717
699
585
616
1630
1773
2500
973
251
425
634
154
276
438
765
598
1144
991
537
556
868
506
778
407
502
1530
414
706
495
765
1350
275
261
251
1470
362
455
493
408
209
1906
3072
3221
2188
456
1532
641
175
430
849
478
1865
256
533
559
1211
1118
750
259
507
1420
509
254
303
808
364
310
231
860
379
575
423
1151
375
1555
392
253
872
1527
257
1287
1337
2014
1402
403
1551
375
366
986
332
271
452
493
3601
404
701
1460
911
287
636
1931
604
355
381
249
2458
192
2209
646
462
463
541
1918
1493
438
337
836
482
189
322
434
1949
597
387
411
885
582
421
436
486
794
888
716
579
308
1131
339
931
222
193
620
369
173
268
1866
1040
1040
734
919
501
644
836
244
407
1037
416
594
256
427
554
685
406
1294
352
888
1027
210
759
459
382
835
222
652
641
307
610
481
223
411
1024
579
255
1446
471
346
1238
1024
388
627
2798
209
941
129
1711
484
564
733
1404
3384
779
509
1488
410
1458
994
372
636
700
474
4287
989
685
689
372
721
590
556
1196
631
314
906
316
745
960
710
430
1037
398
270
320
623
794
682
515
231
469
714
454
2282
295
4276
606
1394
876
1891
132
702
485
594
935
728
813
419
347
720
952
1633
114
580
722
278
616
495
944
577
631
689
557
184
1259
396
1973
1129
463
506
1323
1131
360
316
720
982
1692
1979
445
763
171
252
2877
884
233
302
661
1112
168
274
774
1186
993
922
764
609
2687
413
1543
531
464
489
215
538
688
1003
1643
834
419
1342
414
186
715
787
483
1481
226
425
268
405
1433
235
408
403
3764
149
719
1063
1426
1301
729
258
272
377
1017
862
362
498
260
1327
286
654
2539
216
868
339
777
434
230
367
1522
569
457
276
279
2165
811
207
459
780
710
276
2142
218
2420
1013
605
934
290
999
156
392
934
601
1207
428
355
1737
323
768
512
2058
424
458
786
301
308
346
579
2527
976
532
663
740
677
603
1456
469
628
658
1258
1999
1025
339
135
347
189
309
154
746
206
413
294
142
395
2332
677
556
1350
915
281
180
1734
218
1048
642
1870
510
2716
338
3118
865
990
1189
572
663
1812
421
2246
671
262
336
928
670
348
1192
375
144
1185
539
1044
234
920
165
1571
489
494
627
1288
564
335
601
844
753
528
955
477
587
493
517
243
586
409
525
783
481
910
207
400
895
1109
341
239
600
231
164
640
284
1034
1129
172
496
2343
1355
435
783
451
215
374
671
175
699
817
414
537
102
405
712
1620
971
539
152
113
399
350
759
184
614
806
3637
179
5597
278
544
422
467
968
984
453
2950
331
1093
372
378
1013
515
148
3278
171
364
328
1992
764
622
288
620
428
591
495
536
524
2732
784
1637
371
2766
1058
158
753
293
472
776
1343
184
553
2305
565
389
334
586
279
2396
237
1614
1726
1828
347
531
303
1282
471
576
282
501
2943
473
1568
1598
721
1184
783
1284
191
386
189
838
1986
247
390
388
530
242
2592
1338
1177
1079
3725
316
638
466
556
1325
425
578
528
576
787
190
1638
396
2048
938
1434
248
232
872
1199
985
256
635
373
644
1791
346
298
525
479
1430
1338
510
4086
1586
582
317
934
191
651
1187
593
298
1119
251
1012
539
632
440
529
2037
3298
516
643
226
921
1298
478
1416
608
419
2543
699
494
530
337
543
141
610
262
587
735
1637
2630
461
1752
561
884
1822
657
938
2084
597
491
436
1174
1253
863
622
787
638
201
686
779
601
1024
1062
272
996
1718
307
478
790
1224
997
3745
5316
537
1015
1493
377
509
441
3470
345
261
1009
271
641
340
223
1563
564
778
1319
213
563
344
187
237
1442
892
598
381
262
2816
901
90
406
781
1786
681
422
1483
586
719
1035
978
623
216
1302
156
238
291
1612
604
420
160
503
782
2958
507
711
1082
793
2156
462
496
573
358
299
447
625
1553
595
596
530
1584
462
1196
1169
302
551
2669
282
988
409
1866
510
748
271
426
423
618
853
214
1091
232
732
1475
1301
1534
126
737
3752
428
2331
462
852
425
434
641
478
196
495
266
312
399
1891
500
1549
335
472
314
1067
351
574
537
351
870
941
1991
172
766
354
516
938
516
353
516
673
280
553
937
221
576
624
824
4360
361
686
382
928
490
790
466
988
815
1551
1318
448
842
404
335
447
640
529
515
746
595
2015
1296
952
1026
1865
564
393
246
758
1525
215
368
704
423
489
934
637
552
405
714
329
497
880
913
3808
269
73
1188
280
1022
1970
1640
583
724
961
981
4116
1831
717
565
1520
1300
381
2084
616
242
1227
1095
730
950
478
3147
988
309
412
389
1011
736
496
1708
172
245
189
483
812
742
1059
924
156
479
589
158
1999
627
982
464
600
585
1457
494
882
1088
214
636
190
1563
451
1103
98
1155
889
601
457
137
180
2860
402
834
404
524
954
811
1152
283
3344
721
704
461
2410
612
303
186
462
1059
1317
1309
388
2558
261
158
2086
275
200
498
851
235
873
1617
960
966
750
642
754
144
1021
1078
473
588
910
457
615
585
613
360
391
504
775
563
356
2303
677
1869
980
376
457
1005
455
1064
2001
1518
523
321
250
325
894
149
604
463
182
162
749
641
736
926
650
523
1896
427
624
847
498
1051
555
766
273
1998
88
223
1375
458
696
791
1131
827
124
552
799
375
131
971
673
798
248
459
408
458
349
103
360
199
1826
808
2510
878
289
1044
170
167
727
996
730
892
183
197
506
1138
1568
820
1131
497
2042
1397
377
1102
2479
1196
1360
788
623
514
1363
2083
1069
844
315
484
452
691
3857
401
588
341
220
1028
292
1066
478
307
3100
339
1100
153
680
737
87
502
739
489
662
266
384
382
256
380
1096
2158
521
821
318
423
347
881
642
2163
152
149
956
378
270
476
357
961
2130
525
486
459
276
575
194
836
179
276
2723
1462
1341
237
284
558
169
1635
910
699
1032
246
920
347
913
544
646
778
538
587
639
1013
286
3237
514
584
565
136
255
674
862
819
928
426
909
206
911
1093
413
1025
375
372
262
1570
675
473
140
472
353
673
235
318
1428
727
578
713
1268
350
363
210
135
465
323
2665
1876
257
652
586
144
423
271
180
375
1123
2179
429
374
129
675
417
431
1080
415
907
1453
1813
591
291
728
1471
381
325
2796
428
561
193
738
169
432
266
274
1557
743
179
222
316
466
432
990
195
415
575
117
1306
1759
84
2403
1037
1034
361
622
246
1799
355
506
151
1134
431
527
258
1011
1191
202
908
571
273
2153
1203
247
380
290
413
2204
219
1050
870
1081
677
175
606
213
379
595
941
1164
733
189
447
878
133
1261
357
1508
244
657
767
991
1475
346
291
1033
262
529
707
735
104
525
1461
411
282
166
309
859
3385
855
740
1085
354
1012
710
525
498
329
836
712
1337
526
312
1185
606
701
1208
175
2251
138
212
565
361
670
415
207
1059
790
980
278
1075
2554
2422
208
350
1044
1064
1466
825
2970
721
905
1146
1919
460
1310
466
309
1395
2651
446
598
2425
658
396
2353
1550
360
290
362
202
155
171
675
1008
2110
664
739
486
208
244
261
163
1288
199
460
1044
532
2418
356
540
208
255
392
2722
1454
231
590
892
504
1484
239
339
566
1800
489
555
432
174
915
278
378
217
629
798
834
1492
302
1266
466
1070
284
555
218
233
208
830
451
1588
1226
262
999
428
354
527
290
572
377
511
680
498
479
1125
478
366
1821
1673
546
584
508
529
229
1553
379
717
280
1145
470
853
744
355
416
331
727
1584
1018
823
190
2490
1927
489
1578
1996
715
792
2486
3258
149
940
457
568
653
904
749
825
351
1194
805
203
156
445
593
841
853
285
288
500
802
2890
894
393
539
914
1229
129
134
457
2913
2080
605
1543
356
196
984
1733
437
738
462
244
1941
249
2689
693
861
666
342
663
270
846
594
782
578
585
634
1771
2118
285
595
632
464
325
393
1094
623
915
314
207
423
227
1092
1674
709
3069
331
528
783
502
642
1384
613
756
1058
1076
527
701
618
609
717
235
575
954
151
252
478
433
335
434
125
341
1022
1621
193
1297
477
2806
1167
2982
1591
708
522
185
762
467
1288
182
1023
608
1669
1266
357
678
758
375
619
104
1197
2809
432
7002
1160
1665
831
1942
939
2581
324
159
1786
225
2781
740
256
582
174
388
568
1266
246
1958
1566
1329
534
1330
620
322
96
285
525
1358
1887
313
811
2837
1011
1250
1314
578
471
2944
397
281
134
480
422
1284
680
343
1165
448
716
918
484
840
924
109
1248
557
429
707
706
389
1755
321
148
895
182
1650
233
1268
302
92
206
834
1699
314
358
324
1089
613
161
383
290
456
2115
1657
1801
2632
1058
674
739
662
163
1009
345
1016
1528
583
1953
588
208
374
710
765
428
4982
1013
1009
246
370
488
275
591
951
663
2591
630
1537
751
1229
558
1155
939
804
810
437
552
760
2097
351
387
445
517
1230
1539
233
168
608
1899
309
1745
572
409
175
709
544
136
446
287
284
397
772
187
1349
300
2232
1909
178
2049
339
1306
1001
1369
242
334
266
1375
1307
540
123
432
1785
1817
1213
1253
860
165
400
485
1277
868
513
2034
204
239
444
1108
213
379
989
2302
2188
517
1154
1871
833
3059
540
524
218
224
627
388
1144
578
311
812
547
303
665
480
788
900
1084
284
1149
438
1457
1730
259
263
1976
284
249
196
219
973
997
558
336
622
419
1081
416
1319
558
1693
443
169
284
312
440
309
1279
1770
949
227
575
422
462
172
618
283
674
179
318
609
687
2793
531
200
220
248
497
1415
726
1951
151
318
678
589
320
355
1526
307
1566
1304
608
233
436
126
3744
2696
520
1118
480
306
456
2964
2172
441
626
1047
754
265
1194
203
1286
2105
1043
757
525
877
2416
1435
653
1571
191
683
250
738
497
445
1113
210
609
1248
1704
180
442
3140
750
436
876
502
742
1668
1470
746
1572
298
721
1458
1801
1974
1188
801
1288
1819
613
122
195
365
350
285
422
688
404
532
164
2173
612
267
1063
316
1679
642
1020
2174
539
1287
273
601
967
1680
872
1542
1481
3468
431
1049
231
700
246
3511
494
433
450
451
447
290
717
1108
1497
1937
186
1309
481
1076
1187
247
1763
375
1323
385
304
742
369
510
3365
254
1600
1123
585
1040
324
800
228
254
965
802
166
487
220
1205
361
332
204
1554
1261
853
287
202
1369
1001
130
336
1573
2905
629
370
729
455
1811
467
375
380
156
973
1461
284
484
1105
1068
239
487
1760
369
883
593
322
333
498
991
998
863
1632
592
613
1573
901
1108
1573
135
2823
205
704
1421
466
505
171
1329
369
341
518
233
3178
451
2384
218
499
381
822
175
1746
493
480
335
739
897
587
732
518
455
3239
158
740
1318
994
2388
1890
523
611
607
234
537
1135
3449
194
997
303
2096
253
191
1382
429
467
709
238
295
806
910
400
703
1213
237
524
268
2121
197
930
461
2047
3161
862
1361
416
156
595
633
459
149
268
376
324
827
2686
333
115
266
317
277
269
765
684
275
302
331
417
476
189
1539
503
287
315
284
939
575
768
603
744
260
490
1277
545
297
1040
1197
175
592
675
2355
1599
232
380
223
217
354
917
339
417
413
429
400
514
789
237
794
707
1180
452
904
494
333
899
783
289
1212
487
853
240
2359
185
1065
303
800
264
154
2044
785
267
1051
454
879
1284
314
511
676
314
557
598
3679
506
251
964
568
160
921
827
2911
303
724
2403
1011
250
301
1230
679
296
641
506
320
856
834
1484
736
2508
163
726
876
270
144
454
670
1466
351
810
1066
755
381
854
1011
400
987
1424
260
1164
738
528
1992
182
1196
1016
459
173
1310
1581
389
789
986
1758
3715
512
1341
296
1014
749
1070
1211
1606
623
295
1546
523
4287
742
781
615
378
305
673
1141
3182
364
1411
454
1793
353
700
751
235
206
138
822
798
807
311
288
1739
674
978
477
782
202
1416
672
1021
2932
2653
845
848
3138
970
1519
138
1218
850
512
375
464
312
300
571
767
626
986
120
972
2535
579
587
146
524
924
760
2066
207
1044
443
667
1239
448
731
263
439
1218
296
940
375
590
287
433
395
443
243
626
534
1200
271
263
712
1330
367
1879
517
409
831
978
855
1243
842
2658
2325
1808
615
229
406
493
278
300
381
1622
382
867
697
647
550
207
578
504
1100
785
1511
221
948
869
353
1076
687
1181
487
198
629
738
196
2010
443
550
312
831
1077
416
1061
1190
314
395
817
320
1282
549
641
669
1028
333
841
1538
758
824
216
663
783
423
533
294
968
806
369
368
345
354
739
1040
344
370
878
222
420
270
541
222
235
478
1849
776
376
218
519
251
1059
1259
1635
412
3329
511
235
326
333
381
1073
289
1683
244
532
579
945
243
308
256
562
348
651
5976
1713
394
1164
488
423
873
652
1423
253
1598
711
1913
292
272
601
621
782
1308
338
815
323
291
621
387
340
854
517
456
570
511
808
504
955
473
1036
560
359
690
328
1689
871
846
433
637
1318
719
924
2110
228
234
400
287
620
178
685
563
1011
665
717
632
269
190
1222
1345
329
1263
2342
1142
1153
229
1054
365
3989
1135
911
291
454
1624
510
739
604
1273
357
575
595
3154
564
649
552
636
297
270
796
984
344
1907
779
148
544
546
810
1360
1726
412
1662
1079
247
494
439
383
741
253
335
770
417
2076
982
535
586
738
388
139
594
1504
570
545
1122
2855
1331
920
549
2541
1388
1020
359
270
526
345
874
829
359
157
1424
897
557
379
1030
1131
338
3154
819
512
211
1875
499
248
398
2788
1026
1538
299
281
172
763
1411
841
314
673
414
309
1098
246
1111
306
1258
1158
1041
1276
515
595
676
1436
393
786
2101
1065
1234
558
1010
578
1036
3240
304
492
2360
534
895
1471
373
1760
1109
1610
575
1764
650
326
1931
221
712
534
507
142
683
313
199
927
112
1787
351
398
399
903
861
744
1401
614
775
333
892
208
2151
557
3590
391
1830
872
4144
1671
682
1294
180
894
222
708
465
1763
208
2162
4105
305
726
221
480
527
564
673
1980
2656
1491
363
994
2909
514
494
758
111
1028
1070
427
1375
2581
866
308
260
591
268
137
393
139
252
347
290
404
616
309
306
721
582
350
755
487
210
546
1027
307
1448
470
405
399
222
267
747
600
197
309
1329
163
1090
766
381
2622
459
370
347
797
1730
1084
631
411
2116
634
342
972
486
522
1012
462
895
744
1040
1660
766
1048
398
456
1215
436
1133
741
1175
359
243
1183
1169
510
201
487
1207
955
370
3331
533
1182
152
482
440
1024
475
522
138
490
403
1146
450
941
176
320
196
1057
727
2883
729
803
736
1905
1769
525
213
1062
1666
345
507
357
754
316
93
289
502
1505
212
295
908
346
473
3772
569
470
516
233
1120
902
493
933
819
570
1431
375
593
1197
891
326
484
790
294
1019
785
447
1131
481
1002
227
571
2505
438
601
402
557
1230
275
582
759
293
1003
619
1131
247
602
864
682
1168
355
463
432
542
169
2086
1698
2750
301
853
734
1060
868
865
779
394
371
507
453
2335
1039
410
995
314
1019
442
159
531
1395
1011
284
2320
717
1607
689
1459
157
323
352
310
1405
291
663
297
222
2274
152
370
1346
733
254
957
376
633
624
548
574
342
1731
1712
606
1454
559
960
580
628
481
859
327
397
1035
240
1079
362
227
1764
216
602
538
906
496
1109
891
303
233
1366
2484
607
203
1187
163
1506
590
304
165
1731
735
323
138
420
365
264
302
443
668
475
683
977
268
366
1217
1226
491
2207
355
464
433
252
113
2610
1112
943
169
2940
413
946
1239
405
623
420
689
679
295
916
592
454
1409
239
1027
1010
2218
602
1184
282
342
586
570
470
1548
1301
436
593
133
418
876
426
610
218
1544
714
1038
1547
638
713
881
644
370
342
911
604
570
152
648
180
250
410
562
2488
522
1121
215
174
1299
1321
858
327
1274
191
897
934
1496
694
425
639
3313
1596
388
655
1253
540
357
496
627
518
272
255
1035
2412
750
648
2367
500
1352
1039
863
947
893
243
492
1319
2017
1059
862
1327
916
713
2035
151
673
556
925
98
1998
965
408
1086
562
607
725
377
338
567
358
1592
280
911
321
289
818
1087
691
637
347
253
396
824
773
962
616
899
705
184
199
548
173
1218
641
208
575
457
463
519
903
2616
1556
505
391
296
461
532
491
528
806
439
148
184
501
1392
895
390
718
3931
557
484
587
553
502
774
696
501
1982
1540
238
839
980
966
356
567
430
314
459
405
168
944
289
523
898
1427
1740
224
429
784
512
1826
220
921
322
610
612
314
2408
166
1546
364
580
1743
458
904
142
934
768
395
1545
1328
572
2399
1177
422
319
696
449
481
852
918
264
335
1713
313
327
377
438
633
950
141
292
314
1048
497
2016
1092
500
1112
450
536
632
217
680
1605
1005
816
775
385
911
425
231
579
510
652
442
622
631
306
1547
578
973
1320
1062
515
213
330
726
604
1124
294
606
913
2310
534
278
1241
1129
2155
344
297
743
887
242
256
580
1081
178
548
1032
715
81
781
937
890
307
369
205
371
970
913
250
384
371
3531
1357
1438
218
706
1136
952
861
480
944
1095
976
317
1276
3337
677
857
786
711
225
580
407
1638
2640
1167
380
665
326
386
1263
483
492
474
833
723
1359
649
133
1239
915
304
691
391
374
559
254
559
426
884
290
432
2070
558
1367
333
719
311
1010
371
305
411
1760
1842
172
131
246
727
401
455
783
600
1618
595
1040
451
889
488
670
1045
729
713
257
476
592
2362
305
562
1142
647
362
781
834
1823
706
710
225
2288
1111
524
1227
268
2543
624
578
1013
1056
397
612
271
1650
1068
219
524
526
359
238
1826
506
353
350
1228
1748
1182
1185
318
266
340
658
846
904
175
756
452
505
435
478
549
2088
634
1622
1624
1287
1047
571
302
290
655
1557
3312
1382
553
446
509
1183
461
516
601
288
577
518
555
378
1871
507
325
717
231
1460
3132
586
358
740
2451
849
712
298
737
666
1161
1186
201
317
732
1271
2550
144
266
1604
158
680
1114
306
1197
348
812
362
2162
502
884
2536
206
775
222
737
1845
147
425
387
2006
373
846
302
383
687
488
565
1253
394
683
169
204
2078
597
890
1025
1720
467
987
1092
241
250
422
1524
975
1594
994
580
651
1667
3532
205
587
448
1156
167
346
569
252
570
306
1105
777
1324
1137
228
282
825
409
250
216
228
700
140
640
1209
330
871
1385
602
3128
736
120
150
164
698
1131
310
176
612
933
301
1425
1014
908
392
752
335
213
271
583
858
1706
218
257
277
912
206
1955
323
537
1410
535
698
559
214
340
754
323
1983
477
2411
393
602
205
501
739
192
849
468
519
200
1276
473
731
1004
205
607
167
295
352
471
373
1533
391
743
110
503
519
2211
1266
490
2619
200
798
1294
469
288
478
144
1029
453
143
1009
829
451
683
238
396
2173
621
380
394
786
1489
757
359
304
277
1101
633
1117
2363
640
1714
1114
507
252
836
2323
1042
1407
191
556
217
1981
543
366
397
316
292
329
317
1199
343
222
707
1529
924
320
1093
225
240
624
211
298
493
319
2068
1022
865
999
100
1301
1257
2309
326
277
2096
410
246
313
588
540
265
255
117
186
1241
368
782
418
2544
1126
976
1951
571
248
394
570
4059
583
435
510
215
1181
805
2708
914
361
204
725
342
146
420
266
1192
628
643
449
265
711
769
1014
1391
341
764
1201
492
1187
267
1528
1988
212
661
582
99
469
1011
234
475
491
1426
303
3446
1066
1184
520
499
374
427
459
1196
1901
165
592
200
129
1494
1730
515
400
146
2151
147
553
4937
494
316
261
190
542
2848
535
368
303
530
181
1209
504
1742
1208
316
262
2311
620
1370
409
284
660
387
849
275
495
573
234
348
3737
744
834
463
544
640
666
820
446
134
630
737
461
778
248
869
270
407
1130
2613
405
618
1218
789
562
832
2414
367
219
2663
285
1353
706
3503
423
323
221
918
1175
346
979
267
438
318
1773
804
603
417
1151
683
497
1525
324
1114
660
529
770
330
436
193
425
799
1298
351
1617
564
1269
455
101
395
2673
526
494
924
1095
460
729
1677
403
315
292
318
607
223
2342
2521
332
1971
1309
616
2656
336
779
1013
339
515
308
847
686
387
515
300
811
2022
874
612
231
414
531
2171
2519
1370
1917
662
391
627
305
801
432
2790
2108
223
203
340
304
840
347
629
404
509
678
2022
598
314
861
463
412
362
1825
851
1885
800
535
766
274
1122
439
1447
783
152
807
282
3163
426
305
1661
1403
1421
2346
198
554
849
1209
616
679
190
478
562
2919
5585
193
1683
366
459
459
1057
854
887
2215
313
2992
415
1367
695
1555
1179
392
1913
338
365
404
720
509
1982
524
552
1498
418
386
352
443
726
1297
357
519
481
1013
417
1199
419
355
2083
334
328
252
378
842
194
814
229
522
1165
571
731
932
1023
553
643
1097
639
393
1253
1178
574
1125
490
364
1905
466
540
577
2831
1419
503
769
186
1725
946
1402
1180
524
546
1310
461
1495
902
1213
142
218
418
725
746
464
388
1541
1404
1012
1671
828
732
598
4647
309
2601
1279
2542
774
127
769
2625
1882
854
757
620
455
996
417
668
312
689
210
344
1046
1492
1020
1272
815
353
313
744
1261
246
220
575
773
514
1288
263
186
818
849
424
368
762
262
356
1072
225
685
448
926
1066
427
472
261
2581
420
625
669
138
253
1045
431
620
545
1155
866
373
334
189
149
339
218
803
1125
1015
479
475
401
1047
545
657
421
530
201
1104
2807
1361
492
506
1753
1082
945
270
758
751
419
433
515
1335
1198
583
233
473
203
572
503
377
292
327
675
1046
260
321
1306
767
4167
196
1845
362
314
315
424
837
287
402
554
544
506
875
1157
350
1481
838
288
110
135
258
485
2018
353
854
694
328
493
3941
237
1511
1999
1406
592
330
796
530
275
352
224
205
431
630
999
2249
500
2004
1427
998
577
4057
736
902
304
1151
376
1186
452
159
2586
1819
335
1526
621
747
1328
1546
521
857
389
4341
522
1536
1194
752
404
193
901
218
1310
588
1020
716
504
222
917
1228
247
348
532
816
284
622
895
204
356
376
3455
244
1015
545
1611
851
476
304
441
421
377
770
502
1118
544
145
1293
997
272
1087
801
463
346
256
1041
517
126
990
288
3516
632
3305
506
761
642
852
2474
1050
855
1239
1173
798
1925
288
488
610
341
430
275
1386
836
125
1744
557
192
3166
207
1623
1998
377
1215
180
739
223
519
585
2380
687
1778
1849
876
515
940
306
4666
842
596
2113
334
1151
304
85
550
404
822
227
558
595
436
860
1106
639
614
673
1509
1646
131
1616
1060
875
873
359
1917
1051
412
916
639
659
579
496
833
508
353
408
1142
126
1165
262
402
180
325
459
1253
258
299
758
429
129
470
935
762
416
561
296
244
582
1078
230
549
716
894
593
350
706
884
1745
552
436
439
401
1131
320
513
1418
405
826
495
353
1335
261
421
375
776
826
1758
195
366
679
326
696
456
168
330
306
636
911
1388
1365
1459
1327
358
1484
1939
944
1681
931
909
746
490
215
600
609
966
316
811
1263
597
610
113
1471
1935
562
369
289
1786
269
1141
247
377
286
218
357
498
953
532
429
822
863
310
650
753
573
1077
1166
489
765
184
657
784
966
779
1476
339
373
1966
234
542
351
287
257
1956
424
544
501
378
1378
320
504
970
698
107
3892
581
451
368
627
1643
855
1137
1063
867
962
907
1682
518
131
981
195
242
365
512
410
573
560
825
1804
300
315
324
229
319
529
501
947
991
879
278
222
1411
256
1488
1393
367
415
168
1432
882
387
826
817
682
1035
200
213
245
1666
1420
1245
721
357
2359
353
723
2475
217
1965
757
204
796
879
227
243
702
640
416
1090
693
349
862
89
423
286
4419
349
310
1373
3074
658
859
399
544
405
1574
656
448
118
617
403
534
524
566
1870
889
1219
167
1492
937
1254
1525
1392
1290
404
490
729
412
566
240
2126
485
875
1085
613
295
1400
454
1508
227
682
887
3898
1103
809
675
613
700
1233
589
262
4663
444
1182
542
739
457
567
2653
996
891
676
435
2331
528
536
1173
580
3474
155
128
859
476
560
404
554
1289
736
1345
464
1472
602
608
484
2061
1003
665
1099
246
1590
589
692
301
426
484
1488
162
648
479
262
307
2182
3930
587
925
178
206
339
2061
234
1873
774
426
875
180
846
463
349
410
1830
511
232
885
175
2127
743
1454
1577
920
533
498
243
625
257
131
718
1580
2388
2328
337
153
1100
560
3786
1665
456
411
236
3509
648
285
889
713
214
186
2654
981
1388
501
3573
379
1024
214
1052
359
2191
614
978
895
746
454
543
223
706
1341
271
2188
866
1669
322
289
2301
411
656
336
1246
697
409
486
767
838
896
3760
304
603
306
837
408
2459
592
1080
255
1382
509
398
692
778
814
1334
272
338
421
247
648
476
463
561
941
1122
329
1182
627
289
313
449
994
938
604
237
1385
845
668
407
155
792
1042
3033
179
537
870
413
89
337
541
261
579
827
775
923
1113
206
811
614
1357
581
744
617
911
212
135
837
1838
205
990
749
198
1762
2129
807
331
289
296
765
451
210
1222
1631
349
937
323
652
647
161
875
1687
1761
725
1547
168
333
791
155
1238
525
134
343
415
759
210
634
573
678
1634
507
586
706
262
614
225
1010
510
488
528
358
517
406
2183
717
337
3223
1756
1069
1072
215
604
282
2866
838
154
677
556
899
883
471
372
1661
694
476
371
691
2020
498
364
574
696
346
238
1136
467
1618
321
3042
737
443
464
340
896
629
1148
1107
584
266
667
96
256
476
547
997
2055
665
1725
1080
809
893
466
259
1242
254
193
350
1485
419
955
282
152
262
1150
460
760
395
555
1017
705
298
915
247
682
279
1285
1446
1320
415
273
279
768
374
658
251
554
616
2948
2208
2964
402
669
1013
571
674
387
629
3181
365
716
835
1409
244
917
1118
641
812
673
700
912
255
708
1060
251
627
1162
652
317
570
784
472
1003
750
690
296
186
434
714
1791
475
637
290
287
131
214
2177
293
2884
154
348
563
512
147
279
347
325
419
1704
714
228
211
733
110
224
524
167
445
593
248
205
352
1421
203
600
578
383
1374
1073
1192
150
259
378
662
993
324
1840
1579
490
1067
131
504
456
277
256
338
244
849
310
2871
656
531
416
410
413
773
452
1236
515
437
229
239
625
351
571
78
311
1081
1128
203
78
769
975
675
161
594
163
339
817
2724
529
634
1428
2632
210
289
1039
353
374
1189
1855
922
1053
389
614
2159
473
660
1334
387
402
567
1732
492
874
505
1520
699
416
1019
143
246
972
1188
474
1292
1020
651
231
474
229
301
368
2764
560
676
2436
382
494
369
529
688
1088
438
979
1550
1255
635
502
876
1948
1330
276
790
545
1284
3540
689
193
227
299
4197
810
823
471
108
335
149
607
638
470
360
265
820
154
778
547
1390
665
606
167
344
282
218
421
1533
487
317
518
542
349
1674
635
362
260
502
1024
182
2039
534
598
937
244
308
2242
553
553
2423
637
515
1237
365
1292
660
566
979
433
592
1538
522
1618
819
316
488
640
756
171
397
1140
1287
209
728
544
1732
1039
2525
982
239
198
127
234
1175
177
2462
1879
3873
222
433
894
357
1185
2594
1570
585
564
866
341
223
464
623
131
483
720
394
585
680
479
356
264
870
396
1290
515
6179
576
258
345
418
2527
549
141
1187
329
355
793
255
386
799
665
300
759
599
1922
433
1255
450
272
697
565
727
157
5283
336
711
793
497
946
973
256
1322
123
595
1074
1088
157
663
306
987
813
2048
179
747
530
1018
247
864
200
927
1101
720
695
1004
2108
249
386
417
198
233
939
250
954
799
190
1884
433
430
582
445
208
572
636
430
306
334
405
406
604
678
1701
462
178
547
534
456
266
923
419
2269
1701
256
344
512
1559
1120
280
479
1484
517
1512
696
2230
1108
790
283
362
1641
661
3660
230
576
194
839
618
688
1065
282
997
1020
294
562
311
285
2144
1183
481
1746
1756
171
233
1768
690
446
385
377
516
746
214
633
540
490
3258
265
980
407
722
2027
2351
435
279
1760
496
839
601
693
381
680
319
3885
631
1512
700
336
437
348
308
949
928
622
471
411
452
595
419
398
667
442
1803
571
437
280
118
689
1824
574
781
413
146
608
287
480
482
1382
1498
432
657
1375
642
207
655
398
1163
690
921
1612
316
225
244
527
568
502
855
926
551
202
476
1093
433
386
749
1201
433
1521
352
390
754
1686
1461
546
609
1251
768
562
662
432
764
1225
2603
1145
536
1224
1064
431
194
499
595
320
3581
292
262
217
656
331
2429
298
1433
804
908
693
380
1056
550
915
421
297
206
186
446
428
1268
614
1531
790
594
242
1661
1082
468
595
244
1060
199
542
767
243
618
393
325
750
528
1094
344
534
668
982
522
489
896
484
641
1978
5453
246
1621
764
617
1211
343
1053
518
601
1044
275
689
920
1484
513
302
466
828
2242
1052
203
220
935
753
1572
867
221
2738
792
786
828
1311
513
556
999
1370
559
548
773
481
639
622
239
1299
173
158
893
352
2115
888
1066
423
419
795
758
276
3097
230
744
1848
251
695
901
293
711
164
310
411
591
1361
423
1245
1633
366
1310
338
342
509
392
628
742
358
118
553
510
368
557
689
684
1652
2139
278
199
361
399
503
1349
550
405
883
365
165
1214
216
1085
297
253
617
243
2256
745
567
905
2263
910
1020
1332
824
575
192
1933
698
1715
579
885
671
1147
608
680
249
358
308
901
2721
860
300
948
471
3107
635
739
355
179
326
373
593
957
410
270
570
358
506
2344
1097
430
488
759
2898
1341
344
372
456
643
518
541
285
387
882
425
499
157
165
1977
340
568
428
330
2566
870
774
816
1138
223
288
574
576
396
151
506
241
569
425
1061
236
217
255
524
344
256
1637
578
855
832
678
1375
470
154
657
562
1481
874
590
325
834
304
1857
978
164
479
292
267
239
2305
830
1207
645
241
444
968
1745
2487
1095
409
1187
1083
182
379
299
1079
682
1630
581
238
412
200
1124
608
1007
448
201
265
767
266
256
318
1072
166
2114
363
1466
392
2208
551
813
185
497
909
885
241
1429
531
326
1146
959
290
2275
914
2649
144
661
815
958
144
292
844
9151
554
197
2845
242
552
2651
342
705
2451
1793
540
166
387
325
385
509
532
806
708
121
1716
1071
155
3970
794
1912
403
1683
776
266
1134
3625
935
229
2892
917
363
618
1025
2945
1235
471
375
484
1106
619
405
192
284
861
516
1698
383
950
193
264
1197
1044
712
567
228
303
3376
2657
1059
254
793
1149
307
468
535
1128
626
360
821
665
833
361
419
203
479
539
228
125
971
1119
1001
242
2845
215
1342
404
956
378
415
1971
822
260
509
1350
998
521
1060
2385
987
274
1492
1799
133
675
166
247
1155
507
520
1514
115
672
1005
443
572
1156
1481
215
313
1155
192
686
344
282
399
799
402
151
2917
385
323
285
963
1050
234
749
695
355
1392
910
292
251
556
1047
592
193
685
315
521
869
1030
368
813
216
904
1704
361
300
392
290
219
401
394
1501
609
703
606
778
1751
779
529
955
799
904
214
1006
487
1380
327
3166
82
850
1584
275
645
638
122
503
1114
301
2193
709
1443
701
495
287
1743
417
182
631
738
287
552
1210
865
802
588
401
1944
515
602
604
921
500
1537
526
862
1237
291
568
489
534
792
453
900
784
468
209
446
129
371
724
324
641
651
979
383
490
597
575
1135
532
322
1206
714
1709
148
820
417
355
683
309
374
187
376
523
535
340
920
306
524
483
296
2384
985
3842
290
456
509
258
1165
601
1788
1196
282
594
174
403
841
801
766
607
472
2253
939
808
555
1330
534
1013
1542
2410
389
778
758
769
836
379
189
765
604
668
981
661
185
497
341
600
278
599
351
684
397
442
492
295
212
179
1621
419
1877
826
413
1145
1127
1762
416
1204
374
468
160
791
184
425
885
218
590
227
2335
856
164
1158
648
219
3636
2865
268
51
1193
1137
387
545
1044
585
770
416
507
197
2543
1061
347
256
889
334
322
560
467
841
922
4391
392
442
751
591
446
1103
145
2308
386
297
870
837
751
1928
456
361
1484
508
489
199
112
894
4100
2347
508
516
1326
866
140
289
520
336
996
1223
774
643
525
135
143
721
715
1070
282
1525
579
253
908
272
534
1354
772
619
461
820
564
202
872
245
2363
477
915
2631
524
1799
2053
729
441
445
535
1131
210
509
776
168
149
1827
253
343
1789
2109
804
244
263
308
815
610
479
512
1085
2293
383
1256
1079
1335
357
386
2910
281
205
985
484
346
193
122
734
410
679
420
303
124
244
762
370
1419
283
229
704
314
358
178
353
261
2121
330
643
939
194
293
902
545
334
457
668
2192
493
625
559
188
286
395
158
304
504
554
196
353
843
2561
465
541
499
317
967
557
1564
549
241
614
523
692
636
2229
736
360
364
762
202
619
225
974
1438
1781
1513
526
1288
308
1056
518
1288
639
2194
476
1224
1038
260
2160
438
479
642
564
461
1428
678
733
764
1440
1241
1783
4430
620
276
523
2651
965
612
462
231
424
330
600
90
1514
192
357
316
2661
239
2894
389
371
628
676
319
618
697
798
517
2650
654
312
985
634
247
339
808
623
295
164
442
357
169
174
389
401
2027
332
425
1022
211
1379
384
773
264
182
1695
236
2471
1097
424
1596
1658
451
1134
369
987
711
499
222
554
864
828
741
648
1000
507
303
1081
255
926
258
677
247
594
381
631
535
1094
421
673
198
2677
1297
442
300
1800
2374
705
1256
712
350
264
286
913
1394
317
530
1080
194
484
441
1330
249
3383
189
692
289
698
426
710
239
457
1192
337
211
314
613
1375
960
572
450
438
509
1178
1283
1189
472
281
190
361
174
727
567
1648
634
975
352
316
548
658
554
1264
452
285
765
881
284
240
2540
469
2240
580
558
1211
278
350
687
1361
464
794
657
394
335
477
929
638
4321
1938
1022
2166
262
143
843
344
232
5109
317
1577
268
257
3249
969
820
620
1872
264
524
457
1563
674
179
374
278
745
207
744
513
1168
447
1026
130
456
1473
977
141
604
1463
1226
2689
638
1587
542
486
270
1434
308
342
358
644
375
936
370
281
1014
277
408
820
402
445
661
248
564
536
1938
297
226
231
469
2290
852
790
459
363
312
1908
300
836
748
1000
683
551
165
919
442
387
1388
383
607
270
386
1287
576
382
2092
695
519
429
1221
114
1104
1295
235
1982
562
505
823
452
651
865
713
356
314
224
781
405
993
373
725
603
351
1199
750
632
654
773
395
622
404
361
403
847
407
635
566
436
361
2426
417
797
747
882
1056
251
148
684
1081
405
700
201
347
705
278
1007
1307
246
605
1164
1650
891
3367
530
387
518
179
215
1071
1300
2677
235
300
1624
391
230
833
324
165
630
682
307
465
255
487
1225
412
1360
162
738
284
1820
1290
277
2517
608
218
530
613
369
519
619
192
1733
321
462
1200
2829
708
447
428
253
775
1672
506
635
277
431
639
576
392
484
567
1303
379
569
1156
943
455
2973
1608
655
511
187
1933
812
517
2112
302
608
732
601
306
2228
160
231
476
3196
477
598
1032
282
453
465
474
753
1142
3635
456
1101
835
772
1063
1282
699
5174
324
305
527
969
324
389
586
308
238
555
291
574
980
324
2258
934
480
2596
795
2318
1162
800
752
243
1003
976
932
1796
508
116
437
1539
1142
538
297
927
961
130
680
199
3650
2147
2550
345
1096
768
266
470
1428
2172
280
627
739
1026
132
1501
2680
142
1349
756
433
283
313
381
1131
1205
313
257
148
687
133
768
1526
319
219
1361
720
1021
2345
592
518
805
1333
841
474
406
879
565
677
646
250
527
980
275
298
817
383
1159
375
366
372
889
448
850
445
2322
640
717
444
810
222
1319
469
326
798
1681
506
985
821
336
303
762
227
666
468
1295
502
302
415
170
227
939
438
313
769
1247
716
1024
252
1447
1046
570
1133
471
673
313
300
2604
1366
852
3610
1951
356
1752
470
234
306
291
149
652
285
646
1132
509
3141
337
418
190
259
903
564
664
1167
1522
1183
1295
566
285
1643
635
274
482
452
1561
1184
335
109
267
562
895
1370
276
415
1189
402
872
899
594
362
232
383
245
256
595
563
287
347
1076
1892
1522
1245
1496
796
496
1096
669
258
923
1600
1532
362
601
386
1362
417
1891
452
883
637
419
534
502
842
3132
157
235
542
202
1202
158
318
3519
510
1812
1017
1784
510
336
1261
2015
649
618
307
309
1311
205
619
3774
1417
517
772
603
1658
2335
166
1047
407
802
512
1012
303
704
989
1844
607
1060
2486
1327
305
516
208
300
3330
300
815
384
1192
1699
353
246
322
531
828
1161
711
1726
283
296
687
597
232
365
504
1429
2091
802
294
1009
657
846
1220
271
268
582
2306
807
778
1859
246
457
527
800
1148
1549
669
1730
2952
449
395
471
105
1031
426
1605
191
609
278
1291
506
4324
753
1252
235
516
384
178
302
339
606
1006
536
1146
404
667
154
653
808
585
102
514
773
328
404
713
635
818
254
350
404
355
173
3167
1591
634
592
198
847
430
482
490
514
250
1228
356
903
404
3560
213
1040
844
835
1167
1732
393
305
349
515
603
1269
301
727
1090
354
552
348
896
152
308
1701
593
2431
604
654
1218
916
1175
546
201
354
289
247
475
560
571
415
375
706
445
1292
2987
721
1455
575
459
2223
854
256
3070
840
481
137
158
231
308
413
352
1268
579
1175
780
2215
2268
284
1475
240
794
1198
553
472
216
309
1241
436
462
531
575
1063
268
2803
505
2394
372
610
441
675
514
236
225
142
456
393
2031
515
206
1465
419
201
481
1196
836
432
1860
188
456
430
781
597
803
549
174
315
832
730
822
385
294
1157
141
565
203
485
115
800
647
570
1380
417
881
832
459
457
1249
129
612
1029
661
1566
2210
181
1269
232
399
626
888
422
156
293
5193
549
1190
613
821
721
1322
2177
1266
387
555
1710
1158
948
1104
413
772
222
1316
597
249
374
487
2317
383
215
1583
308
522
467
2005
168
510
288
763
732
1939
561
2154
450
1186
374
1431
892
2150
240
814
725
1354
591
519
698
376
582
439
369
185
1218
665
504
657
754
476
1340
530
257
707
842
641
428
478
1012
1471
387
502
1157
1062
1437
777
1399
343
1307
928
664
298
297
396
472
1113
1521
322
619
377
233
199
470
832
697
565
342
2053
2225
358
523
2196
1667
810
1231
619
867
123
241
177
1721
219
192
332
1219
250
260
809
628
825
1925
255
511
226
4437
780
227
357
362
394
809
231
1854
521
1416
742
1818
333
611
2067
180
1338
1540
374
175
1565
3093
2457
1230
314
94
4230
638
975
555
1560
208
212
855
587
529
4278
865
894
2025
1371
577
560
1333
238
388
1494
439
503
1149
1319
605
343
755
468
434
239
489
602
281
667
468
4167
435
397
1789
578
199
632
1048
146
780
2523
1663
239
445
395
127
1302
373
361
192
367
586
548
1493
301
1661
240
474
542
2444
664
1139
630
323
241
214
700
621
914
560
233
495
116
390
135
469
147
288
2098
154
361
487
273
450
468
2136
745
857
1826
321
131
467
1671
1213
250
404
2088
421
296
1031
134
250
353
803
176
920
2315
336
1340
1039
923
3584
390
2767
521
269
1265
551
494
498
148
522
1140
1201
2785
892
196
808
260
722
147
701
195
547
442
2066
691
225
436
121
1316
513
608
202
412
1192
859
2346
219
2151
266
513
1624
681
708
946
1183
294
487
542
1000
291
230
365
1073
1107
281
454
507
599
680
337
1631
1361
385
605
269
814
226
753
1111
629
1232
428
802
2137
466
906
1159
1975
1439
434
821
889
1001
249
191
1364
417
615
564
571
2596
419
486
1195
847
960
840
337
191
298
682
1103
1442
850
657
2150
342
655
210
2692
890
402
202
2019
654
2873
437
484
363
685
807
3136
379
1274
483
379
380
641
1010
460
309
263
456
540
368
976
1095
244
271
293
567
1490
476
223
271
523
244
194
482
845
386
608
731
242
161
749
1943
214
494
902
251
1689
414
243
206
1629
2289
481
854
595
304
451
791
197
1054
598
293
272
433
1198
694
955
1733
417
227
152
326
593
466
242
268
722
237
723
452
250
216
158
2317
801
380
730
997
335
900
921
2098
837
858
421
950
1871
466
1059
964
347
821
564
409
553
2870
267
472
1501
518
1008
979
1270
405
315
285
521
751
558
234
789
724
294
2053
826
2603
392
725
478
602
3188
286
468
406
1111
272
1265
283
369
182
1461
329
320
785
308
808
401
1158
963
717
463
2341
431
352
405
2520
795
4494
845
143
331
265
821
640
301
495
2617
458
738
162
290
253
1446
807
494
394
221
1034
526
597
395
424
2141
3124
572
940
1486
104
702
365
374
534
395
277
142
156
1232
156
723
352
851
674
882
281
321
1477
328
476
705
335
392
495
709
476
1057
322
2322
330
331
1052
1697
1543
261
304
856
395
1227
233
387
951
950
4604
598
262
162
235
415
162
424
167
910
1082
395
392
978
756
250
429
260
474
395
613
3214
296
671
409
2549
556
627
409
433
254
696
201
1271
1773
841
980
2114
497
720
262
956
814
798
345
257
898
893
450
615
150
522
493
166
528
5085
1710
636
748
1104
655
452
377
496
480
1082
746
368
788
187
831
2839
1294
1189
1438
837
4967
430
165
385
2155
853
728
186
165
2730
340
2127
451
300
487
516
969
231
514
2952
150
194
908
1080
849
245
708
928
1347
2135
748
211
322
427
431
167
270
1265
890
308
640
571
414
259
744
479
487
389
860
354
486
263
562
365
256
770
956
602
851
2077
138
183
594
695
579
1082
745
841
631
193
263
308
375
479
607
2414
291
414
705
849
1152
1441
95
532
1451
456
591
537
861
371
749
325
527
456
487
1090
366
363
695
974
219
453
1116
390
442
189
555
1070
1045
3365
1574
1320
680
1051
664
1364
638
1254
1024
1097
273
475
1064
630
161
1343
599
806
870
456
2010
483
756
480
231
143
479
220
2997
915
697
2156
1436
589
382
507
890
1195
774
585
487
1117
465
4921
544
684
788
391
303
785
3750
250
1470
1657
410
193
335
797
1322
1073
335
1580
1042
138
382
641
1768
1127
1391
437
579
720
269
539
995
587
759
746
350
515
559
2018
1225
1183
148
403
1688
937
365
199
541
106
265
617
209
690
876
198
1361
280
334
573
194
358
2148
1119
533
126
365
998
570
308
334
162
2202
485
1218
556
1904
1329
567
1096
1842
2491
819
779
514
2276
808
376
156
269
428
695
821
1404
1187
187
226
451
1776
738
371
343
411
239
1278
1746
646
1042
207
2368
310
723
1608
213
928
1966
114
357
314
851
1672
569
631
1284
1419
122
649
503
2215
227
804
1998
716
2463
307
390
821
164
359
728
1183
1412
152
711
984
632
2480
2094
542
157
312
254
614
2644
629
353
338
479
1699
547
323
145
915
1692
594
3829
285
960
1135
701
381
581
533
1890
350
586
3673
372
695
1294
725
409
943
386
644
931
263
676
700
237
330
364
2478
749
973
258
1996
304
504
1221
490
473
1521
982
521
209
826
400
1195
2153
511
690
2712
1192
909
252
699
662
1468
1526
1183
541
532
425
584
249
952
349
308
276
649
1578
1693
1807
200
333
306
541
280
333
543
151
1698
1348
465
352
852
507
216
2577
2658
1194
926
553
1560
448
1068
2847
602
567
832
388
284
1478
368
1060
224
749
121
1088
656
1116
722
1534
726
664
882
375
432
516
1559
354
1219
574
415
174
616
228
1039
628
1343
580
159
543
229
1463
535
818
554
460
387
626
710
205
361
665
193
6885
521
1014
151
525
1933
277
319
951
468
1562
569
1297
308
549
583
291
2207
257
827
648
250
570
210
375
951
1863
695
1056
670
124
567
695
415
769
362
300
652
788
444
671
911
526
442
297
293
1100
221
202
502
1165
155
1830
303
972
648
474
2280
793
489
480
1310
774
1404
2776
452
400
900
729
835
154
638
210
2021
1073
823
470
311
245
1469
1755
776
491
676
1034
357
903
840
812
357
2413
953
144
3912
135
396
2187
431
3714
1321
810
965
1097
205
412
376
3872
625
1291
1134
1060
111
2989
1450
1538
601
459
261
129
578
1365
1028
188
572
265
637
1873
2790
221
496
186
181
1816
1274
869
197
219
317
1629
2016
641
421
574
376
336
349
1844
203
372
371
1374
2884
341
347
1169
235
168
272
900
478
564
335
1245
527
253
241
455
593
451
673
748
433
654
837
1316
453
706
1495
436
1197
177
679
620
726
744
826
391
2021
1122
974
735
558
393
692
130
265
214
301
390
740
2177
1343
269
1344
1551
781
425
1619
848
647
990
534
317
268
1469
181
507
817
548
921
643
520
397
181
2727
3329
199
493
902
392
596
1986
114
102
247
335
1152
1574
1218
462
1644
1390
268
1308
1895
679
766
293
784
248
376
252
359
3806
395
766
696
1546
280
327
1556
524
911
1042
398
390
1966
705
1405
645
371
514
675
929
2134
384
379
1709
374
579
532
637
1519
745
517
438
817
1086
216
872
327
179
452
363
488
649
336
689
488
736
795
743
1356
878
952
400
642
648
323
228
513
503
1977
458
420
892
1221
352
342
418
302
423
517
256
234
951
1041
1221
620
1243
518
2612
732
1169
988
980
400
702
522
175
970
274
759
1689
744
493
830
1175
191
738
1048
260
201
578
544
984
187
216
526
209
766
319
350
1070
365
449
1403
1129
1389
1452
894
1745
225
3023
442
469
787
912
374
200
410
573
322
251
175
399
227
2452
3047
738
602
378
306
558
824
446
663
218
496
739
2007
619
149
533
516
388
745
1913
505
5954
356
391
1156
324
240
284
497
3533
652
3556
1072
730
613
602
542
188
1676
889
2913
2216
809
1765
1450
490
668
422
774
1269
2219
1170
500
243
579
157
2472
496
1082
417
127
1675
200
576
234
1868
293
385
319
879
173
156
326
921
804
1051
818
384
1314
587
619
1720
2722
1686
1645
779
2530
3208
295
393
614
281
1966
838
278
144
578
1409
735
542
415
981
508
783
230
301
728
548
420
398
188
998
1412
1392
731
1028
1209
344
619
1458
744
272
1000
303
152
1451
225
211
955
261
249
2225
648
230
146
202
209
353
703
236
319
1410
876
866
672
686
347
253
262
340
210
629
704
534
575
360
313
607
379
1062
1156
550
1794
1412
431
1228
582
210
333
249
896
310
1426
1798
209
281
927
194
335
654
1293
60
457
534
346
685
339
558
2352
503
223
554
1645
594
535
521
801
800
289
1613
2872
490
215
222
2449
350
572
192
428
932
392
675
190
575
1739
3174
1104
730
1163
1168
434
1083
238
364
1496
381
189
631
955
479
1771
1009
277
486
2117
1079
686
477
1204
775
359
483
328
686
710
312
1568
307
238
2196
1308
530
324
1558
343
321
933
1678
288
480
295
190
560
888
213
735
762
620
737
1182
507
786
529
277
626
485
617
322
438
423
1706
307
348
804
470
475
1166
245
1674
663
529
1025
483
743
224
864
3012
556
207
451
530
541
137
631
1200
1082
676
1100
1106
660
1638
280
781
203
640
169
458
1198
519
423
1399
996
897
491
2250
2726
319
717
766
688
159
511
1140
482
3291
757
989
877
503
259
244
372
240
415
658
545
269
287
914
258
2466
331
307
758
330
1621
241
842
801
825
225
677
368
204
1807
526
1072
381
502
144
455
408
256
1243
421
513
408
321
283
404
337
553
892
1293
568
722
163
798
2132
2005
1059
519
544
948
182
705
307
1173
261
1105
269
457
769
1004
424
327
437
287
500
531
1324
456
662
329
2426
1185
674
181
80
1028
2839
894
201
686
1319
1453
800
557
2999
381
571
963
497
1761
485
326
2039
322
417
302
622
561
174
440
1489
1387
124
740
370
889
1366
627
380
251
457
530
544
422
276
688
325
379
342
283
217
559
562
109
340
740
584
193
1208
3823
725
181
824
1529
726
417
1866
1986
1237
255
930
633
4349
543
546
2161
317
556
828
1741
308
189
270
666
851
268
913
710
1313
612
281
654
624
606
268
669
690
163
172
197
507
184
204
460
404
474
2007
552
388
107
407
397
116
2246
586
702
340
1077
488
533
463
1081
333
930
247
347
1732
691
1958
865
391
1522
351
2409
457
1950
446
388
724
249
372
552
371
1661
452
927
467
1152
211
1131
882
377
189
645
216
1860
551
478
612
341
2570
1391
398
647
513
516
601
529
344
464
236
221
1190
373
1155
236
962
572
662
284
326
550
530
780
912
879
595
684
483
470
215
1725
207
521
1505
502
871
1381
506
240
87
140
818
438
1384
170
515
220
1185
423
209
676
886
116
1458
388
1414
651
381
735
459
753
146
1230
1282
1611
281
304
1405
474
298
1366
491
470
309
1030
490
378
366
632
299
396
627
747
635
191
374
1939
143
890
519
923
279
1777
2613
527
1318
574
478
344
1178
506
278
796
301
1471
1149
423
958
681
1024
842
310
317
604
891
1584
263
359
1507
1181
1008
563
141
1061
410
852
419
203
386
1614
1245
483
510
462
671
205
286
2172
865
965
1016
1294
940
1384
488
258
158
1287
482
694
768
468
4951
416
123
140
659
2893
1003
364
951
612
351
2377
3569
1476
405
348
548
860
1185
576
504
1253
1150
467
444
303
491
910
800
343
1658
1502
4577
807
999
426
286
1205
1162
134
768
545
565
419
668
1824
282
995
559
1030
909
259
924
432
113
945
525
316
585
1680
274
1267
1447
662
1005
1539
409
408
279
506
825
731
1222
329
240
1225
320
320
766
2207
256
199
1443
328
295
1117
314
505
980
273
672
114
2116
240
609
2154
886
1216
449
1268
348
611
389
829
620
2864
1179
1319
254
682
1301
924
1752
776
756
380
966
2100
3456
365
183
214
991
1000
244
2211
922
523
1068
1399
1035
220
363
268
238
1022
915
682
1221
1186
1136
1413
242
773
335
382
299
292
1164
400
371
256
298
275
406
1076
643
1046
602
730
3762
1710
1250
579
484
2659
474
846
366
342
2426
607
949
400
665
384
599
505
2238
513
333
797
524
2043
1031
1661
815
555
470
348
1956
979
285
824
267
909
574
551
278
2348
614
328
322
2841
1115
1519
850
885
1391
193
365
816
207
158
488
1937
287
798
229
720
330
486
593
545
855
811
325
381
135
410
502
373
357
712
1583
302
446
2392
1890
248
471
1157
259
469
284
296
626
1939
455
445
208
822
1287
219
439
700
1629
1795
459
650
1019
1105
328
161
623
1303
501
451
721
742
536
3301
1025
508
327
1064
272
224
603
334
187
616
440
167
717
1853
841
542
344
1652
1842
590
1166
328
326
798
197
118
1121
612
2206
1600
104
1180
2014
1766
348
452
502
198
151
654
446
242
160
876
366
663
1083
543
2162
937
409
267
390
1489
2424
1421
810
929
1883
538
644
3472
572
513
546
732
220
764
1322
269
187
653
584
253
518
1231
1992
466
2151
513
502
257
782
287
392
2164
1193
353
904
2185
1181
243
427
666
867
754
156
435
162
275
258
1018
551
1694
3339
1378
692
831
453
1837
662
227
534
484
370
595
410
328
756
351
1123
700
1348
705
169
1655
759
826
1082
3356
3075
1062
3679
2560
639
106
466
525
695
1220
306
253
203
1964
300
307
1666
616
1098
452
320
1700
293
962
159
942
272
273
380
794
284
1278
886
1083
735
3896
2138
357
3692
224
445
306
572
639
535
953
394
2356
122
955
718
652
1303
525
545
2069
257
161
200
743
803
1318
517
1992
2168
1089
255
227
1763
577
247
1835
1224
912
1133
1573
629
570
294
107
595
410
747
960
520
2022
420
370
111
357
879
1478
142
174
1076
666
1314
1442
753
347
1379
807
349
168
1771
398
413
865
122
2250
1270
3268
664
1807
295
296
464
1405
1190
1024
361
1237
325
1502
405
210
754
250
428
239
1451
144
1056
195
1021
775
370
368
614
368
613
844
2420
256
242
1371
426
289
717
324
458
328
630
305
1864
929
613
178
190
1036
598
1407
407
3306
925
446
1324
667
169
354
860
1329
157
126
963
521
1892
2504
182
498
851
1299
407
431
916
363
1210
501
393
1145
871
960
237
605
955
611
287
882
781
552
268
294
866
586
938
2348
472
268
560
1510
611
121
620
2270
334
521
1050
2034
1014
4213
579
610
2302
450
317
721
200
275
1334
200
2139
440
633
1848
737
429
355
947
1154
174
753
1862
1189
1071
588
489
247
625
402
1014
1221
493
473
1557
378
1257
2841
1253
196
370
204
997
631
539
939
839
339
383
578
610
642
436
1651
237
2861
1021
1287
1106
290
1318
169
492
1085
345
567
612
183
564
203
338
507
918
2060
1479
665
201
876
467
1326
433
647
407
1128
130
1287
1235
646
551
1429
1237
430
1704
439
1176
582
410
234
310
1196
431
692
202
2566
65
382
421
140
179
579
701
600
1396
548
547
787
540
142
362
733
228
457
1295
743
625
876
887
399
903
689
343
2068
753
263
887
176
958
567
281
1349
284
1146
1711
659
1716
349
437
935
476
770
559
1236
337
449
156
633
555
488
163
3483
1151
166
3823
472
539
604
2161
686
263
1331
306
924
1008
1085
795
761
244
1672
390
613
902
678
885
630
635
892
402
440
393
144
208
400
1384
321
237
1184
264
603
680
164
2651
336
1144
770
1477
2173
371
494
324
508
734
357
1135
1227
571
379
566
216
516
2076
386
205
1625
293
432
720
861
373
217
420
212
2060
1546
199
148
3600
296
402
574
632
1723
275
563
630
405
2041
575
889
596
1492
508
2047
1363
356
217
997
1382
933
1199
1589
607
1411
305
2234
366
523
688
1019
720
582
296
216
352
295
178
581
451
289
389
118
816
735
654
108
1184
754
198
882
128
448
877
1017
1155
257
277
353
758
854
414
343
395
3703
367
2714
802
187
1026
162
468
501
707
1092
708
477
571
809
224
639
1501
367
391
1593
455
1279
510
1093
594
534
380
719
1226
610
472
248
374
587
627
1010
139
164
1606
369
1047
873
1110
959
380
2703
629
155
199
1293
931
259
827
1691
251
181
206
603
593
212
540
1671
643
1385
1031
381
309
2426
580
2203
1969
783
639
331
879
682
3059
302
1391
149
1056
967
152
364
1785
1062
726
802
448
508
295
636
347
185
503
1107
704
759
184
870
608
1847
2050
212
634
217
313
1810
883
453
1767
158
157
2407
714
253
261
2787
1862
307
442
370
275
279
281
438
863
255
736
1016
1681
315
582
194
2586
146
1893
1166
919
637
1608
404
102
834
104
1830
155
292
659
1489
214
632
341
2282
1037
3349
1058
814
1332
129
366
381
844
473
580
2729
881
510
420
418
939
448
1858
573
197
392
1874
1099
436
396
802
863
93
1875
263
1453
305
1263
268
740
2226
1085
493
620
646
382
1799
507
877
374
143
226
535
354
1429
278
583
685
1725
414
601
492
401
1239
141
281
522
413
406
273
381
385
371
235
286
370
262
364
580
1727
508
307
807
356
693
413
247
630
993
1319
279
977
534
313
913
908
355
481
1371
495
239
1233
377
294
345
2604
1431
758
655
347
519
932
547
150
207
572
864
786
3388
257
214
395
1182
568
1990
493
959
320
1272
2962
1252
1642
455
491
541
474
744
1427
352
645
816
224
318
1129
878
664
2690
431
182
1243
494
403
1623
1142
511
499
570
1322
771
2387
194
1911
1147
693
987
708
646
712
904
2013
521
1122
299
155
531
704
233
388
549
662
574
477
441
227
1054
416
98
1456
848
392
418
441
533
210
1139
562
306
1218
810
578
501
711
2564
563
749
882
1907
481
966
399
1074
1073
1537
1656
185
1798
1549
293
378
540
1911
1031
146
248
354
529
320
3064
528
1167
1060
1778
1708
1403
385
391
1492
862
356
600
236
382
1374
1012
551
305
1416
1441
516
595
438
345
523
452
576
549
2076
2044
206
1158
267
594
220
725
554
1493
775
253
479
533
1203
1402
1793
190
2291
411
287
1124
1404
528
1755
623
553
125
257
1106
567
285
407
1317
812
682
582
683
210
737
456
1193
95
863
256
362
518
262
386
978
837
976
457
387
152
470
311
2232
507
359
482
530
642
514
342
403
191
90
1423
411
1517
330
129
389
463
1186
420
202
540
268
834
426
2062
929
835
342
463
173
272
607
979
506
377
321
337
798
139
470
998
275
812
1516
275
734
225
304
1099
1078
2496
596
130
175
225
305
277
769
1239
171
197
771
431
1723
300
182
322
596
224
1266
498
665
705
1059
380
332
533
1329
2112
879
404
855
556
714
776
473
663
522
572
691
955
1979
1433
273
292
410
400
535
1142
1816
1100
438
373
1022
957
491
496
912
2653
366
643
641
1278
1178
100
183
723
815
2300
354
1000
183
493
997
339
652
3718
1971
749
477
155
280
418
1411
426
1826
471
326
539
836
770
705
1299
400
676
2405
2654
210
52
496
585
345
446
1034
454
467
633
1846
476
466
765
1284
336
911
500
641
1613
1397
298
381
2182
402
291
309
275
971
362
399
144
1314
422
246
345
1433
813
974
145
596
456
511
529
1148
714
1292
998
1702
506
594
1144
923
823
3642
1428
916
504
2038
244
483
422
375
970
402
683
1184
584
959
2221
1409
704
749
700
269
130
746
181
349
1071
435
1031
1035
719
1600
667
305
2068
287
310
1172
197
307
3213
1372
3238
525
463
207
1156
422
497
430
429
547
2332
189
1818
396
391
841
300
462
106
147
166
1036
185
990
370
628
1067
2756
2593
1232
242
365
1160
647
262
472
629
194
461
318
275
577
858
567
1101
457
906
210
364
2741
2989
635
311
2820
1673
316
175
1685
604
189
581
606
385
778
246
885
354
2911
408
659
576
1221
541
250
649
420
225
159
1313
625
366
1007
1721
1112
137
462
909
165
128
1132
1561
3166
313
337
295
874
229
159
433
739
138
605
670
902
286
1737
179
342
466
1051
1317
2530
208
1363
194
692
963
992
3200
943
1346
879
362
393
187
561
960
679
244
320
787
485
260
618
358
507
333
388
1314
469
1348
783
254
2071
1091
343
1054
184
1122
299
612
648
209
2374
2057
317
918
524
533
636
184
429
403
352
347
418
1041
738
275
147
1327
641
679
199
217
409
524
547
621
1065
924
769
304
473
797
869
808
323
1749
691
913
145
301
1572
479
303
1941
111
423
1913
3013
732
1546
2182
658
446
716
928
1515
739
223
275
747
414
293
477
560
610
779
922
504
747
246
466
780
240
1509
479
594
218
606
1775
760
871
462
175
335
464
260
728
547
1114
1535
301
530
587
376
1839
814
2095
899
219
330
2645
365
425
351
353
1101
559
1238
502
2062
312
399
1297
1281
780
685
177
884
795
1778
611
640
360
606
573
987
969
545
1100
717
945
236
1065
444
1087
583
228
369
2294
646
402
307
456
1030
229
1819
1000
151
542
641
1020
341
695
639
329
274
495
107
1697
636
4961
1694
3377
684
1397
905
452
364
945
373
355
755
1123
2858
1209
3463
1621
1359
591
582
498
489
619
4741
1254
1100
724
1550
155
497
267
1137
115
172
694
1645
219
282
791
963
804
1389
2562
1113
2030
1103
563
768
863
287
1419
267
829
379
191
426
256
677
314
182
484
553
956
543
304
434
1353
539
476
212
723
1187
279
2001
1502
712
717
1220
382
324
687
849
302
1241
435
562
896
234
232
300
1323
974
959
1236
1039
417
259
281
307
77
553
920
915
1592
461
810
898
353
2429
809
435
3508
1261
1373
345
533
229
429
584
381
3245
567
538
519
431
1163
844
820
373
1891
1516
479
682
343
356
368
472
1618
668
604
503
660
284
281
601
1387
1090
204
358
527
2286
1153
382
441
1112
360
838
625
1211
730
795
881
274
213
1105
975
1106
689
473
466
899
358
149
469
1005
560
1222
565
150
1788
738
918
1290
1282
792
621
339
250
697
1155
1345
371
204
573
565
140
527
1556
729
