476
349
1107
137
415
331
400
637
205
1716
274
421
394
1157
408
131
659
113
949
318
478
872
483
692
865
638
277
476
700
660
220
1117
549
381
180
644
322
320
1474
841
527
926
288
725
556
910
2005
1242
576
461
159
205
439
235
632
312
321
671
1280
562
1115
349
971
1527
712
490
1360
611
437
584
297
325
616
1040
305
278
186
270
172
812
632
641
592
425
433
294
190
411
1504
546
657
815
1120
173
715
522
701
131
1440
810
543
1086
396
494
135
272
231
128
421
825
810
1036
256
716
1518
363
325
240
1054
1881
373
685
1727
1572
518
131
346
427
315
306
497
1480
301
3049
1043
571
626
481
365
258
179
696
499
293
415
1127
716
467
2454
308
726
858
462
162
496
882
878
892
480
1235
167
568
1284
1337
119
567
386
945
600
418
315
805
356
638
903
154
410
324
386
239
631
290
201
146
1302
391
689
436
578
1610
632
426
422
592
206
208
607
507
560
345
411
753
327
901
371
1150
392
464
209
346
296
163
203
558
274
237
269
254
459
383
801
771
321
222
275
323
284
696
253
247
449
574
437
289
424
112
326
90
331
538
1064
917
202
598
303
412
329
1937
393
945
140
163
157
646
120
3211
1113
335
347
175
105
400
307
754
360
558
359
81
602
277
415
895
730
1222
584
323
505
825
509
156
184
817
548
278
401
215
1184
791
616
336
473
969
856
660
1578
151
757
262
528
798
818
742
578
386
345
423
515
844
514
944
436
365
337
146
492
816
484
888
848
390
336
356
1428
835
867
352
1393
981
362
817
218
1360
971
999
639
284
893
890
1251
979
677
231
207
290
1108
978
305
828
676
499
1425
709
517
919
225
620
1073
773
420
257
222
642
323
510
860
717
329
2169
281
861
562
838
262
312
697
215
161
244
1068
566
196
328
258
781
330
109
233
521
408
1466
361
799
637
645
890
312
284
613
220
832
107
589
760
726
496
432
385
1360
814
176
1383
192
961
169
1428
350
454
794
388
283
296
2146
574
481
906
820
1013
179
283
607
502
941
251
239
251
517
427
309
613
132
361
503
302
1190
886
348
634
426
450
715
500
1862
470
205
756
387
1231
1016
546
769
1152
248
286
512
883
447
134
531
421
230
1057
967
241
984
320
935
684
457
359
3381
414
669
150
486
204
212
440
218
203
279
894
444
336
556
1436
835
230
411
346
612
303
234
329
760
423
327
302
363
522
700
227
863
599
355
412
204
130
226
1402
438
555
338
451
201
709
810
188
209
833
1074
189
422
523
150
261
138
603
487
481
536
885
773
233
996
280
266
539
154
501
751
483
940
2237
234
817
205
785
232
498
210
370
220
479
1034
412
992
1106
620
634
561
1323
185
1021
854
360
567
119
1072
367
358
385
644
778
597
271
1383
176
541
601
219
526
202
557
543
275
293
370
118
534
230
352
238
213
637
130
1156
297
1076
915
891
361
389
274
403
565
1238
363
436
829
1233
1810
518
1274
1114
436
783
562
315
196
937
621
287
759
795
825
643
536
774
701
339
571
144
821
334
1512
394
624
303
702
932
72
675
285
1539
257
781
410
251
489
630
1379
1373
908
409
164
855
859
341
560
1018
412
836
475
498
272
856
674
708
203
391
1437
516
1934
1482
1046
815
409
269
578
227
418
249
413
639
312
1295
371
226
860
899
254
637
800
396
1277
829
730
748
551
324
242
848
523
198
525
649
138
226
191
152
899
2340
634
360
337
1780
617
481
795
419
1012
645
634
1670
457
624
488
176
412
1516
1273
340
186
549
504
492
960
1096
1348
401
696
370
703
252
795
437
309
507
549
336
466
273
527
552
463
430
481
608
454
172
1012
553
96
417
563
670
530
683
230
470
787
652
282
356
840
215
309
227
660
126
490
353
270
421
734
281
301
1185
526
342
1689
365
1160
1841
787
306
421
340
435
632
1116
2171
141
199
258
302
857
1794
1042
306
300
652
582
230
366
190
812
584
910
244
327
690
230
375
252
351
734
529
821
275
578
675
395
324
420
1153
428
394
949
223
730
587
498
146
253
532
501
424
528
621
1273
437
1216
897
275
350
351
229
250
1064
268
128
530
427
260
311
542
242
284
324
365
914
1058
1183
1038
1756
358
456
1666
799
233
268
665
989
1888
378
591
318
390
469
399
1659
515
1038
129
320
397
206
658
183
205
541
352
1551
547
708
538
150
1256
1311
754
1101
237
462
544
973
347
102
279
1253
990
309
193
1417
712
529
633
924
377
855
1054
349
615
2598
1254
581
578
944
50
505
386
478
1110
1060
96
296
254
2343
870
551
359
669
516
172
1294
261
338
279
361
743
421
406
1247
608
1581
371
1719
130
1343
197
256
379
345
649
345
576
467
432
589
199
767
146
296
509
234
1367
753
347
1482
449
661
566
258
280
686
165
327
620
474
811
854
245
691
926
378
254
1125
1892
472
495
1595
173
103
500
817
146
281
295
857
610
520
1242
256
302
156
1216
205
260
532
335
2003
298
389
1574
270
210
305
2023
988
243
1158
286
112
558
1028
595
198
116
544
410
206
237
279
659
963
1044
361
1218
208
760
1618
218
566
241
1993
599
314
135
203
876
721
205
509
305
843
931
449
208
231
553
727
136
94
224
455
582
353
83
256
707
214
646
1173
295
326
506
2113
656
1562
1109
97
687
1039
81
176
140
530
403
437
641
1868
500
611
1671
484
356
1248
250
694
1290
657
672
320
321
789
567
152
1464
1690
530
177
828
374
128
316
812
948
696
545
1150
447
196
252
321
1091
222
998
1194
598
556
524
277
389
220
330
312
428
292
292
187
760
83
606
190
410
458
226
406
434
255
323
367
305
885
145
223
408
560
153
359
147
279
452
465
226
364
107
149
571
900
341
113
170
1153
485
423
282
127
1015
836
326
749
826
1586
962
509
636
1066
167
955
237
82
920
242
326
875
440
1364
263
431
1228
765
105
540
391
212
679
268
317
464
353
819
495
584
2052
285
564
1206
113
243
910
598
597
493
1907
634
190
214
507
253
1336
307
489
409
128
745
1812
281
458
1016
204
635
703
3106
309
1129
291
690
2013
740
395
1147
551
367
737
700
160
69
294
1816
631
116
349
284
680
361
883
374
563
643
1553
527
284
434
4556
251
1200
722
936
317
376
1253
1178
540
314
852
718
506
277
213
633
495
416
186
250
396
504
366
236
279
528
483
645
1618
446
363
433
1459
2012
786
124
429
211
1926
767
262
1315
1279
190
974
759
99
348
673
252
883
231
740
251
828
490
671
245
307
144
243
227
412
132
1136
144
245
556
104
896
572
544
189
230
256
506
2090
1156
139
632
162
210
359
336
760
454
1841
376
1189
375
182
116
442
404
1168
194
340
1285
195
165
526
295
626
239
703
493
192
660
214
755
572
173
428
153
753
465
484
71
197
867
692
1199
264
954
385
394
264
462
760
249
567
333
434
203
359
193
1908
296
433
1143
582
570
752
3046
287
296
166
1115
625
461
786
663
266
567
1006
1390
480
1050
928
1040
313
331
667
1483
189
403
832
222
386
240
487
330
1579
1309
237
420
594
300
911
1058
515
951
229
195
469
378
1018
524
1000
518
687
695
1009
388
1283
626
268
445
654
411
300
335
976
1064
374
857
485
445
259
311
919
650
498
399
1087
1526
856
643
547
694
1216
345
1377
716
936
168
812
978
254
908
930
278
159
463
637
772
357
1060
491
1322
741
517
848
698
977
630
646
849
861
249
331
157
953
835
712
112
1147
664
507
563
186
246
677
2928
797
402
2368
367
361
255
799
660
226
248
701
424
586
255
376
1355
1013
576
124
262
537
450
684
755
174
282
151
234
528
418
1054
1379
606
243
526
617
705
484
284
481
362
390
1419
189
593
340
310
450
234
334
549
814
631
1075
353
583
326
355
143
531
933
255
660
503
349
279
1667
787
612
1676
994
476
255
346
619
967
861
821
231
810
488
1291
276
270
960
766
277
370
337
2340
364
260
463
99
824
138
189
666
299
580
740
348
241
1296
253
1169
215
708
297
237
174
566
307
201
595
1616
357
221
267
526
242
692
499
403
435
717
345
897
200
504
459
260
480
1098
573
459
96
543
355
466
741
285
361
1059
378
546
426
244
470
378
360
333
768
138
830
1667
177
301
271
586
371
115
956
226
123
440
287
646
590
826
1134
240
712
1283
244
472
411
2427
606
825
829
403
393
1341
468
2591
280
540
909
1581
1390
537
1190
245
1013
801
226
163
468
1272
418
377
216
1058
407
323
197
512
726
403
413
1133
669
411
559
2223
286
485
476
440
470
414
1215
253
309
1118
211
502
722
228
381
393
444
137
409
259
307
846
620
457
116
94
202
419
308
457
1540
225
284
392
878
828
363
408
632
315
550
391
693
313
161
604
342
3217
1181
299
249
876
389
2572
112
287
940
394
503
411
756
2986
1004
224
160
366
1689
268
1144
977
519
418
210
578
446
294
349
918
269
185
532
664
390
1535
136
291
366
1353
305
225
275
463
338
865
224
522
843
1009
364
981
176
447
809
327
233
275
166
198
735
536
1874
200
118
1136
555
860
156
545
160
177
612
668
410
337
1457
558
608
208
1050
464
466
461
354
1328
401
566
159
395
512
660
1091
603
95
135
365
847
526
542
528
428
584
526
736
239
588
276
245
835
646
373
267
913
580
1047
318
1850
464
751
294
754
421
221
210
349
1401
174
459
165
1013
169
673
129
912
1074
402
562
515
587
795
381
183
433
281
174
618
1508
786
375
129
291
429
543
1874
1296
842
1305
854
718
615
678
228
538
657
569
475
