729
855
328
457
1158
714
108
272
916
148
818
748
289
255
741
2046
593
2995
530
782
1233
264
512
366
366
624
1570
2805
547
451
306
357
846
596
294
771
1166
529
655
535
539
1393
556
657
540
998
740
352
644
550
888
584
283
276
1454
993
1634
2132
278
1036
212
613
602
2910
733
357
412
1554
465
384
719
375
1099
388
1785
317
258
414
453
841
1204
334
451
390
1736
490
500
273
694
603
313
960
546
327
791
442
385
554
1469
150
1135
1098
424
681
602
970
514
1238
232
1252
3736
1631
682
602
1021
1243
664
812
847
869
118
1271
1287
4758
645
118
359
1710
1776
3293
1607
659
1086
1330
163
196
223
371
234
1025
666
1405
1971
766
411
809
612
379
1532
378
467
413
914
844
212
1319
244
360
249
336
609
584
2765
1142
510
680
194
600
675
1329
204
787
310
383
743
389
395
1934
946
300
657
435
175
495
3082
800
1203
350
2649
323
1772
603
1722
452
539
730
1834
553
2860
1913
173
895
389
380
495
602
661
215
251
264
172
500
1263
1328
371
795
1223
309
152
106
277
728
263
572
587
660
2091
480
710
889
191
1574
279
768
954
399
561
626
445
1161
389
418
753
769
549
417
1037
515
189
451
424
378
1538
1579
1987
347
325
3242
795
613
664
363
213
469
539
433
523
223
1417
1019
1237
709
727
360
691
660
205
1159
623
631
877
724
98
889
442
2815
1104
755
225
381
374
386
2832
631
822
228
443
688
711
370
608
541
386
310
941
1256
641
1238
578
581
558
919
507
206
564
5422
1377
478
1036
560
266
422
258
2896
442
4000
339
981
759
139
681
807
998
1304
363
246
908
1045
377
946
440
131
276
282
593
726
812
610
516
951
473
713
623
844
217
1543
2378
662
353
740
229
235
445
857
331
494
1714
192
2428
278
751
323
432
333
316
191
193
2450
459
308
396
589
772
588
1389
938
1891
2387
86
208
2564
273
361
454
516
1200
538
665
1023
1439
1502
805
471
422
404
270
109
818
1552
432
1041
292
1357
369
447
307
2216
196
986
661
928
237
1072
729
513
772
581
1356
744
1182
263
730
1303
313
1254
2609
563
181
2854
466
1263
619
1578
348
439
758
404
315
360
353
308
1566
240
593
1671
624
1167
340
619
292
570
510
278
205
381
177
132
1705
1275
1644
952
911
598
1377
628
2859
1464
1201
2111
775
242
457
389
545
172
829
1920
623
634
734
1092
1864
440
264
995
465
237
685
211
459
1416
384
469
762
1104
1099
455
930
1127
413
696
445
364
257
913
258
973
155
1326
213
497
1977
544
1252
452
250
881
427
322
351
597
346
454
761
680
1471
365
872
1560
544
3636
658
286
412
732
583
910
360
326
620
285
631
2642
784
688
662
451
1715
382
609
593
478
1525
1733
984
240
513
244
765
269
479
423
579
893
591
276
291
2253
178
844
594
551
733
1508
888
919
629
2154
750
1922
464
770
831
1134
660
849
265
481
261
1483
202
2332
801
584
363
822
179
395
2150
573
1318
546
475
197
247
260
1310
243
343
502
1120
3726
178
748
640
253
500
601
661
761
365
477
274
387
1215
300
1873
482
343
718
278
1086
389
327
945
142
1976
577
1533
1063
1500
3376
117
787
406
348
322
255
1632
795
683
604
1305
346
1256
484
259
491
466
251
432
464
2103
156
229
1963
1877
771
1429
709
1518
1190
435
2181
323
1134
694
368
655
1169
1140
545
294
385
2974
251
873
163
1536
1007
948
1498
1568
417
989
823
910
813
898
395
264
797
653
664
674
270
2559
1366
540
172
199
2656
662
127
354
6116
603
1499
365
2701
1431
1196
734
694
1715
284
1195
505
825
638
107
270
784
361
433
460
2856
859
804
403
716
206
734
532
378
626
1004
487
149
206
578
822
596
775
983
934
181
914
1399
1043
665
1387
695
237
499
1210
565
471
1425
547
1141
256
1082
2493
351
1866
218
519
829
952
522
384
541
753
470
1479
314
335
269
1388
3565
525
341
395
493
495
907
536
574
528
472
505
394
3930
1686
878
194
1465
371
577
275
1566
1402
347
294
861
330
1626
403
5808
1447
659
406
1147
1851
1152
404
710
163
418
2334
337
282
327
582
447
884
1174
296
622
930
1802
572
1179
559
1778
459
1697
1559
307
868
318
513
3176
515
643
292
485
949
113
498
257
617
472
2176
422
356
1590
614
1061
176
247
517
248
373
429
1809
426
738
348
583
267
178
238
188
390
444
277
741
178
282
359
1208
1102
659
2428
804
729
1938
1074
697
618
230
1549
202
672
1320
842
325
2126
3431
435
1069
161
144
807
1843
229
198
179
442
361
1287
658
1484
1028
519
503
438
881
341
749
249
1015
727
719
198
488
692
1715
506
2233
425
530
1094
338
438
143
920
244
769
842
333
377
395
811
352
2073
256
692
311
425
923
365
1793
1634
324
1382
271
1485
790
344
280
359
1045
236
376
853
2352
596
183
1711
625
1483
201
933
468
552
394
512
476
336
318
548
228
337
859
624
453
372
1420
777
251
356
517
1895
269
782
360
341
512
285
678
765
782
1118
1847
925
212
1671
923
427
406
141
508
265
358
171
849
471
287
894
459
113
295
1874
1346
157
183
1226
1197
347
630
220
673
884
392
335
950
425
1054
1855
1402
804
1575
160
362
1163
813
230
143
611
443
363
340
283
775
1436
468
832
1421
914
1935
731
1282
222
595
2937
183
1851
230
372
675
554
526
995
1497
929
397
349
250
391
321
286
2039
670
1227
1838
584
326
281
273
888
697
1528
1531
358
670
1143
101
240
395
2371
480
617
535
258
204
368
363
772
345
1185
614
301
110
1370
1290
626
3673
700
445
1217
518
1022
409
338
902
437
703
511
1379
3415
1026
374
119
1474
1013
702
488
453
336
310
388
269
1113
2141
1570
668
1617
963
603
944
130
505
1394
484
627
1324
402
209
552
351
725
2731
525
892
432
191
272
567
919
327
910
926
492
453
288
118
779
263
2087
1231
2608
360
245
968
738
460
678
161
1000
1483
212
2280
7848
309
735
1137
179
491
1257
538
352
188
625
1226
418
251
2434
332
1008
978
577
2674
816
1273
1349
1370
289
414
1463
884
2419
1359
425
377
257
845
1492
2485
879
1276
525
624
582
2489
913
670
595
1238
331
664
739
1339
808
1054
1199
643
425
675
386
221
210
205
800
677
724
518
701
441
376
802
1304
317
582
153
239
298
1507
1979
734
353
983
886
488
1214
428
422
1002
684
2207
848
229
674
381
763
587
402
168
313
369
1573
1114
188
787
598
292
970
342
318
387
701
538
409
854
769
789
757
347
659
557
1455
1230
535
626
2916
651
534
1622
4844
843
986
117
444
569
2042
564
573
241
932
560
252
224
372
3279
188
1086
1821
136
218
3588
423
1944
1621
370
1766
1371
605
2875
708
929
220
271
725
659
2680
289
615
153
726
971
267
268
1317
244
782
474
257
543
306
2006
295
381
175
324
295
905
469
222
458
753
2130
515
174
712
1262
1036
630
1159
932
498
269
211
291
888
950
380
633
275
491
585
477
523
534
623
425
985
607
985
1023
278
780
1635
413
1232
699
294
1110
2440
695
265
1993
606
871
268
2904
459
552
1151
378
760
2636
490
298
1366
545
612
338
1370
339
423
596
492
2131
292
1321
281
1068
1100
530
1926
176
195
372
757
538
263
730
2666
372
1808
1066
1743
1500
504
335
290
3085
1126
198
499
710
469
453
2609
420
131
934
854
913
340
710
558
411
775
624
1171
1448
961
619
1491
355
836
265
1346
3757
337
1060
686
295
1384
262
501
333
767
980
370
1626
1034
369
529
709
500
121
1233
740
838
804
302
180
577
1052
663
1679
387
385
1488
349
1353
384
674
427
512
729
798
124
281
333
151
221
3580
490
369
740
746
180
365
577
244
1592
1461
1512
258
965
443
360
167
462
1457
3981
382
321
839
702
1455
645
344
2048
195
1137
424
579
1206
503
430
925
198
763
207
890
507
285
1538
180
864
1902
864
625
664
1449
1163
388
353
913
213
440
1182
254
608
2137
372
914
745
810
549
453
235
392
928
673
490
117
1053
212
361
2243
1173
1133
414
1025
950
727
494
773
544
2930
924
1206
2545
387
1364
690
502
1384
342
2113
827
665
828
297
507
323
300
202
397
347
1441
727
364
492
726
299
447
1684
932
199
116
378
1353
1164
539
267
308
339
319
264
238
734
1086
282
308
918
619
379
198
318
358
173
225
715
570
206
907
255
859
2334
481
189
627
464
243
2075
340
1165
2254
600
2145
732
486
821
964
557
405
395
372
123
1724
584
1450
861
588
1014
333
975
771
1549
145
297
830
496
847
137
600
385
1173
1347
426
660
328
569
373
1353
351
2013
1177
607
317
695
389
676
1480
990
3561
916
616
719
375
1270
347
246
435
103
712
1290
298
273
463
700
860
366
1186
628
1479
328
769
440
268
3067
1656
1247
924
1662
1068
864
293
3820
294
1891
247
847
3036
678
313
517
1926
705
416
465
2150
5057
1126
208
313
484
1113
1290
642
2394
342
652
141
388
1122
272
1421
590
273
572
331
445
680
441
82
915
1371
327
511
959
614
2467
719
1055
360
2187
1516
658
245
996
1459
816
402
1337
865
2238
1096
1614
3180
889
179
544
277
364
251
371
1962
534
1209
664
662
1336
159
2220
3879
359
344
1068
774
1616
532
1225
822
1099
778
501
676
987
498
1042
263
159
833
411
611
557
557
678
282
215
239
1637
348
702
334
235
359
744
648
1560
944
119
424
874
725
319
903
883
1374
235
527
985
446
1050
339
347
366
347
1000
394
1251
898
646
325
1014
1188
198
181
2312
933
280
711
1248
250
403
1064
1088
110
1013
180
1026
211
1737
128
342
728
192
1404
610
1017
1147
1115
339
873
488
369
297
347
854
478
2358
831
612
471
668
451
467
134
1882
304
1133
454
1126
609
734
527
668
969
231
742
478
674
215
2038
154
288
2312
229
463
358
588
201
509
2486
701
2115
746
1030
705
1147
246
580
208
2532
756
252
857
1195
139
691
1524
780
1057
1056
2428
590
1019
1016
765
469
688
588
2077
949
1298
1132
432
1163
1407
825
480
159
463
1015
353
353
308
1479
594
406
1582
196
681
1542
1503
577
2511
379
593
785
2022
997
295
238
366
471
651
553
1359
173
751
1320
640
329
2043
988
492
501
363
335
533
138
836
1193
419
542
751
456
551
423
461
683
669
270
449
443
2267
1188
1722
490
219
323
393
457
2318
1419
357
310
939
302
1322
250
787
1492
543
461
485
370
536
1127
530
861
1741
251
349
446
1559
199
376
930
130
1555
292
666
643
432
746
399
584
1408
357
942
1151
142
896
305
887
4980
690
342
737
379
257
2268
1260
497
649
477
1190
386
1383
3290
419
1277
424
2448
754
2151
189
131
1011
1310
1170
376
1512
732
626
230
179
3295
519
384
1568
1031
411
2894
1796
563
335
1636
605
2212
289
1031
551
354
130
424
526
1681
331
931
1496
123
984
1152
397
393
603
827
631
389
1039
4091
499
403
392
1760
1194
224
465
646
752
339
879
1578
187
289
512
364
400
133
585
682
1096
4298
716
2192
482
341
692
304
271
398
869
3041
165
65
828
285
475
314
862
171
303
752
915
564
275
978
795
794
582
767
206
543
685
853
758
1485
443
1263
727
877
268
945
197
380
875
324
321
811
243
957
142
593
347
3219
383
295
521
509
388
318
986
924
1230
2460
782
690
2980
454
412
122
902
341
531
1052
610
697
979
434
947
517
545
731
538
1832
614
373
825
1672
808
1084
488
607
387
418
599
585
1214
1439
452
3476
1669
1197
351
877
286
1103
362
1473
378
232
237
698
3620
522
635
1572
642
498
366
544
555
216
272
527
4008
921
1265
212
1145
698
561
247
352
885
882
1332
303
719
251
495
1012
113
263
222
351
1206
261
574
680
967
515
239
419
476
649
1576
675
265
476
182
334
495
1091
409
510
313
988
301
206
465
964
592
591
374
340
499
420
624
439
369
594
447
678
3030
1357
1226
418
327
812
311
341
428
1293
278
2258
622
346
612
313
647
678
1047
228
640
1005
383
376
473
393
180
2383
339
1559
782
337
911
750
452
1325
1296
253
324
694
392
220
697
539
376
200
262
1938
273
688
731
216
204
1315
305
114
662
296
198
865
534
163
929
2298
500
1261
558
731
216
939
910
323
411
632
685
1193
483
703
254
2383
783
691
805
329
417
477
1686
742
1350
438
303
213
419
338
439
466
550
624
1049
590
300
195
3523
1328
1152
706
1810
1155
444
648
223
404
581
1375
470
237
1826
507
263
684
1154
705
265
2595
921
481
903
796
2434
446
283
167
134
410
624
446
1325
217
1340
2683
793
689
381
831
176
771
980
999
863
403
172
757
468
363
1136
412
2463
1701
544
1099
638
163
495
145
583
430
829
306
388
918
424
300
82
198
2072
126
466
840
108
347
1719
618
1310
228
345
1411
4007
296
556
857
532
632
757
1124
306
438
572
639
744
419
1223
630
746
697
497
868
687
289
279
406
191
357
1025
707
329
437
240
598
1673
275
570
576
586
411
369
327
81
526
1198
1792
2118
1813
175
4082
948
413
391
296
396
261
383
210
3615
1022
2424
398
2096
258
1703
272
726
363
3192
122
457
186
983
253
510
734
489
252
337
946
583
1202
570
458
97
255
731
1322
1257
210
782
481
165
754
275
213
551
1315
459
1094
271
546
720
416
437
358
493
723
842
4369
1278
936
1207
771
1622
773
359
248
283
682
492
609
440
496
602
1059
500
520
594
1957
128
243
418
177
226
1832
3534
347
1328
2383
286
655
193
1098
378
585
527
890
899
664
214
239
2708
815
672
820
671
2382
785
555
864
797
849
321
549
596
1607
142
260
640
275
534
651
590
274
499
341
211
257
76
101
214
779
1560
473
424
617
660
363
385
249
1598
471
535
468
641
989
900
426
617
1060
351
581
908
475
768
2728
436
521
2997
167
433
1882
1495
139
293
547
1643
1119
135
648
2456
474
1543
706
1594
834
291
616
974
259
620
821
589
536
541
421
3049
1527
1003
501
758
802
198
436
2633
515
580
257
255
2033
764
232
411
505
1450
860
314
354
567
491
755
501
473
679
558
2116
1031
293
771
334
2587
489
512
779
429
328
951
1229
572
1249
438
359
2744
1211
797
321
283
232
949
1141
368
496
227
1278
262
168
155
300
293
109
316
187
429
636
479
246
1360
1106
668
1003
397
587
287
231
304
480
341
275
1099
527
870
2030
425
2051
978
155
349
392
343
424
936
976
215
823
184
250
3849
538
378
267
626
154
561
324
301
158
185
703
403
1665
387
1334
265
257
1921
927
111
1257
173
457
590
851
413
383
205
258
561
669
706
470
1231
791
443
1006
934
1274
1035
636
1180
1042
3232
971
799
706
765
787
123
646
271
468
288
521
374
494
379
979
723
524
396
2003
567
841
2942
211
223
451
556
374
385
311
1040
3414
515
503
1237
139
535
775
212
851
932
197
169
900
476
1291
535
385
159
528
364
231
775
2334
3415
603
507
587
1952
634
189
346
2552
1264
241
403
595
428
166
1156
1048
503
727
571
1530
365
351
562
699
744
191
340
291
1022
697
358
409
1439
1505
235
490
726
985
536
413
275
549
714
292
160
1037
510
643
253
1241
608
231
536
270
335
1266
2605
251
2193
259
732
262
223
4345
512
1739
200
292
300
581
664
641
499
856
326
558
1938
381
831
164
183
4673
392
2611
637
1446
1318
552
711
409
486
715
755
413
328
434
1097
204
4435
1099
791
1429
406
647
508
576
709
139
725
635
741
198
514
715
2609
1614
349
444
419
498
975
297
419
1414
1282
313
1463
620
463
3851
496
646
1376
619
654
297
726
428
528
204
525
843
668
290
698
630
549
798
207
1757
420
1990
1305
273
158
1245
898
268
209
943
4086
194
223
576
173
180
702
132
319
373
316
637
457
505
276
610
506
1092
834
793
1098
321
341
911
2345
1510
2515
1967
2238
919
544
523
161
188
1022
544
1855
2504
2336
960
473
141
1145
324
432
999
345
312
2715
292
271
1723
1214
348
495
273
533
506
209
1026
840
441
173
769
218
808
978
1122
1131
566
351
1280
433
186
829
349
676
279
375
198
321
453
748
477
333
239
425
867
150
1872
304
853
451
144
327
916
252
648
243
525
1816
992
406
198
276
790
470
684
732
489
1926
513
885
330
194
225
562
632
842
429
162
1507
791
924
218
766
294
650
212
315
72
497
909
321
609
166
565
302
685
1141
204
976
132
721
771
306
1690
368
126
2402
3065
429
744
274
547
298
727
515
389
1109
1114
755
1144
4067
2615
815
2078
310
345
573
644
553
151
714
637
493
319
704
501
488
476
1229
232
1547
295
1387
217
712
822
267
1132
383
848
816
822
321
1426
174
232
351
372
1116
789
567
2755
877
1013
526
1513
923
476
778
438
1101
508
415
632
451
231
720
2667
4146
386
724
608
1217
909
1459
705
1243
1465
312
409
882
544
386
1120
952
1213
888
257
260
384
430
701
3157
1011
1307
542
332
2401
798
480
320
189
531
438
758
397
797
880
345
667
563
183
882
164
801
805
236
139
602
1903
3053
233
1014
249
291
2206
481
393
1847
365
435
759
358
375
1419
1278
2643
1013
401
580
824
439
1083
183
552
525
2022
1168
203
472
920
571
463
404
2421
3252
712
477
3529
317
223
1078
2588
597
251
1433
442
740
573
2332
1933
492
728
215
1757
674
396
601
215
1025
255
1545
783
538
468
404
704
258
772
492
832
927
1137
3508
839
750
338
348
411
1082
1086
524
1272
478
1927
969
325
284
1830
894
672
3174
432
476
680
1298
178
317
1625
115
1139
229
528
185
165
492
439
639
530
918
619
2128
148
210
525
465
712
276
1029
503
511
945
561
416
869
570
700
565
475
274
334
701
296
1947
549
747
2228
459
988
555
618
376
605
225
176
391
336
3973
684
941
257
271
803
2476
921
801
370
909
503
793
1106
544
1001
259
341
624
766
303
1202
1115
584
1493
1378
279
1307
604
182
311
353
754
533
401
1116
626
338
289
1717
196
233
331
501
387
398
1539
709
807
139
1952
272
523
842
798
374
145
383
170
487
391
1299
1182
744
636
132
352
6863
432
503
952
585
450
508
184
963
212
533
876
1740
879
409
1125
238
757
1242
130
115
647
449
386
1951
380
384
706
893
1629
530
685
655
1082
2723
1357
514
199
273
357
167
384
214
591
364
619
568
190
492
319
579
989
2709
1910
3317
308
513
1157
589
166
557
1309
237
218
395
418
392
289
212
485
388
420
267
661
1440
629
350
479
276
816
617
329
701
235
241
1819
508
707
1020
471
758
394
790
737
803
205
309
516
934
296
1101
1009
474
171
652
294
317
1297
289
404
433
1266
195
1060
769
562
231
342
729
798
1564
218
143
188
1031
1095
1548
661
657
219
220
194
1147
1336
349
1503
850
1940
458
611
173
1064
874
308
290
674
657
358
1099
365
1199
672
612
100
567
351
434
600
208
1864
368
1093
198
424
1562
306
409
155
563
2729
162
535
362
1534
276
1244
174
1595
256
822
2100
745
480
1826
925
794
280
166
706
1041
205
1871
486
498
307
281
539
216
404
584
533
424
859
242
504
688
465
2582
1712
255
2011
1489
1092
736
1044
444
126
1111
436
221
172
731
1180
326
878
561
436
502
778
774
437
374
518
518
1092
933
757
286
321
1287
573
427
1025
531
639
445
462
218
544
252
1060
231
738
996
769
532
484
420
827
2952
402
353
364
550
608
522
473
308
270
1897
407
369
150
621
263
219
534
182
921
917
833
1304
757
161
3123
495
909
1137
374
2015
614
347
706
417
498
178
277
626
342
1180
300
375
572
485
932
434
1062
663
685
482
1102
311
976
618
895
260
511
1381
340
580
1034
490
304
262
326
456
318
467
387
381
541
388
685
760
264
353
1037
5397
2354
497
606
316
395
323
2458
746
1885
246
248
3229
493
351
621
566
409
1516
132
1309
657
1903
375
852
744
750
209
437
202
1514
5131
434
479
658
420
195
740
1078
176
1190
1112
1311
728
1010
479
433
393
556
1079
2701
1296
2572
918
343
408
541
538
398
200
570
682
666
466
461
1143
1257
370
1378
1265
338
3245
448
381
159
478
400
1543
234
828
1126
762
115
1109
405
1291
873
905
435
707
270
226
290
786
310
1484
905
240
466
715
996
655
521
517
288
391
498
1658
563
656
468
376
1191
835
981
262
963
376
629
456
578
3046
790
682
807
347
603
443
641
397
573
940
154
688
257
177
1002
464
392
815
1474
282
338
269
437
1038
341
366
285
480
2185
196
819
161
172
590
184
238
334
695
1057
1896
457
447
469
493
170
744
598
556
789
2432
853
973
725
727
577
285
590
835
283
587
563
397
316
383
1544
399
149
1232
876
565
404
746
879
1846
468
310
989
718
1628
200
416
366
617
648
631
1333
1245
1023
335
1823
215
483
791
331
3995
802
1235
160
321
176
1819
305
874
189
657
576
1828
358
1499
679
1078
810
1399
363
488
2139
745
280
1154
125
276
801
604
305
1956
1110
1115
162
1065
241
211
665
1021
1363
1161
380
3633
284
835
931
186
2404
1348
1128
1598
421
708
197
675
2511
518
360
1361
1788
529
893
596
478
3272
1117
1340
254
1535
671
384
879
321
637
296
1413
582
1552
1708
253
1687
470
3522
655
756
269
693
315
280
316
801
589
394
137
1304
276
2493
769
450
396
533
145
523
361
521
329
455
486
809
636
789
641
2556
1089
1361
431
666
1612
1500
374
491
921
1068
379
434
287
653
800
429
204
688
515
499
611
770
437
311
1667
414
511
710
1231
2022
386
695
1976
991
333
1763
2134
578
638
253
3823
607
667
485
697
928
423
1113
2526
1379
81
1357
1513
2356
1048
541
198
130
3150
420
250
1053
144
584
405
708
1278
250
216
1253
1904
1128
289
447
505
493
2697
114
759
405
458
515
511
2419
499
557
307
585
545
738
236
233
156
535
1676
273
104
559
962
1650
184
1023
976
3135
437
958
860
272
1030
3004
444
523
2849
637
451
391
1922
412
503
462
711
1068
1007
447
310
2279
1299
487
164
1144
671
596
200
769
343
324
162
1470
1893
1086
1016
1232
1116
1401
2677
578
156
298
165
460
1811
353
324
314
477
407
288
2688
1241
941
483
243
1211
382
1231
497
152
220
666
1416
158
1427
445
811
371
530
4018
529
268
993
304
1002
377
760
1203
476
2544
2540
598
559
440
370
980
226
370
272
630
2736
857
1848
744
250
817
1214
1260
313
222
525
982
270
2425
1015
5987
417
201
954
812
306
1239
562
2273
1438
854
342
426
802
299
1169
314
306
690
643
670
484
192
653
592
1095
311
419
587
250
1757
2126
268
723
1535
1308
1417
1155
2044
739
289
890
1315
280
3960
682
739
490
508
485
492
956
221
1107
1123
203
340
939
426
549
1567
581
1389
390
1320
393
798
299
1249
408
1137
302
448
404
676
412
1583
800
757
1017
614
529
1187
602
238
427
251
3396
551
180
1755
188
419
643
724
891
279
1725
338
296
1524
654
433
299
2179
495
4094
253
1106
613
577
401
705
1606
674
655
921
1269
620
458
715
511
468
1681
327
935
407
625
556
653
192
356
394
258
318
3100
205
1098
1368
766
2436
3877
796
1294
214
965
682
726
792
959
373
1031
379
273
765
487
497
617
1697
288
598
693
177
489
458
365
450
481
125
213
432
301
396
981
412
159
580
1146
189
457
825
3358
260
335
690
310
2826
1264
1809
2050
524
934
1950
380
281
282
2542
1004
453
571
4156
347
1085
925
705
556
219
473
194
398
447
546
1160
1241
243
379
289
457
454
473
903
553
4251
503
509
143
318
381
3302
320
570
324
2169
812
1951
1544
392
627
151
683
826
4907
294
1387
414
820
5830
682
1129
252
295
386
449
774
120
579
754
237
1918
372
969
184
2806
783
901
203
445
464
1522
714
229
2657
1350
161
183
1255
950
645
2283
895
1463
710
747
585
1112
2258
748
568
510
558
410
486
608
494
254
1368
500
300
1462
769
518
964
1483
1141
295
468
852
2595
741
470
604
646
390
1175
374
109
326
578
237
388
213
371
467
2282
368
485
308
184
656
1300
402
158
567
179
1043
1704
356
736
337
1435
366
299
970
427
394
1014
292
1878
447
482
1128
150
605
287
449
276
356
454
358
376
241
442
766
360
309
1046
657
892
629
1027
1662
231
608
246
171
543
194
2971
729
486
1228
985
668
1534
183
2405
337
766
2819
1395
375
2773
356
2090
556
824
738
414
1240
1706
992
345
823
1147
159
4119
1535
268
575
1596
121
353
1476
682
902
695
2038
221
135
371
289
828
1496
630
133
1694
424
841
512
347
734
1713
908
967
673
2890
1839
1162
1255
719
713
951
1535
801
1750
1433
264
286
281
542
320
2718
151
427
419
379
327
880
753
213
441
1215
215
121
200
1490
172
1067
243
166
359
510
1490
249
135
1563
447
360
241
389
829
199
316
3090
307
1538
707
651
546
974
1123
948
1024
591
851
2106
1713
780
1772
464
416
976
566
475
443
513
185
1467
520
534
172
691
389
634
634
268
237
354
1982
414
394
311
767
1090
290
1126
1075
649
395
706
447
468
503
428
300
301
1208
289
805
145
701
956
1082
222
275
893
284
436
190
2278
732
334
1433
438
295
195
3154
401
1443
4441
554
337
935
660
701
2360
2119
615
807
670
1882
617
590
359
265
550
1229
483
313
3393
1930
853
409
3163
1689
2727
1095
511
1022
2227
2488
566
1139
1917
531
307
305
926
1089
396
900
2812
633
1349
1530
616
407
508
586
886
286
358
736
1877
584
1155
246
392
511
596
830
412
585
1261
2246
1020
1810
424
755
466
687
322
168
238
344
485
567
1188
585
3832
396
255
958
368
308
2739
834
234
933
2799
832
508
199
1031
727
492
811
1081
1115
1187
1060
502
1314
712
381
798
187
235
474
2090
686
410
813
1849
209
242
1201
807
1187
139
331
450
893
984
716
4055
1090
679
493
574
333
383
1766
892
375
3057
1483
1774
305
240
509
1335
780
509
1386
332
1305
268
2350
926
300
1171
330
812
378
636
261
563
601
526
247
848
513
2119
464
764
860
441
155
1757
296
405
296
630
693
1096
371
439
617
493
759
330
399
704
257
741
462
386
291
295
774
680
111
430
1094
1084
604
388
850
771
1421
501
649
455
498
802
946
579
548
2599
379
937
269
2630
191
569
840
1462
131
1046
1323
493
1416
1780
529
660
1072
705
811
879
355
533
618
384
3000
701
521
380
409
304
704
444
1767
116
441
761
1033
480
175
1354
581
397
906
847
435
656
341
147
290
402
798
163
427
287
362
161
615
490
438
542
265
1228
606
727
555
528
271
204
1106
2730
230
611
448
439
892
208
851
259
1255
1338
1152
1736
219
210
723
529
1086
2089
488
380
507
411
1828
234
361
280
837
99
412
650
400
720
296
260
435
775
2372
393
1133
484
1387
329
461
327
183
565
322
408
870
572
460
606
177
227
173
148
2215
897
2307
509
237
481
328
251
264
342
277
323
691
442
175
744
202
262
632
295
2012
261
307
647
640
333
124
233
1417
1021
649
652
557
492
1315
442
1929
299
544
1540
1400
473
2326
1949
169
310
706
547
344
605
563
305
212
2106
923
499
188
1452
1415
222
500
593
591
536
191
2291
2852
370
630
1182
551
283
808
275
589
716
1276
1003
83
435
580
129
926
101
378
1071
403
581
207
403
1042
503
279
664
813
423
203
510
1821
956
496
821
621
734
619
833
463
375
281
826
735
1739
266
490
229
2137
504
679
567
248
219
130
1447
544
1488
1469
460
1413
673
513
662
389
748
157
507
1203
150
81
1138
510
431
222
526
576
755
349
783
192
818
199
595
528
772
2405
559
218
2596
209
256
263
224
283
190
1146
787
212
209
935
1375
642
274
871
349
96
731
898
883
163
981
364
1731
699
196
341
2704
474
1143
1042
985
321
310
307
673
1155
341
547
117
815
1253
1525
2103
2673
2920
2114
1082
1492
631
242
394
646
2428
1744
581
3616
2128
557
261
1140
383
340
336
672
1513
514
4435
893
1181
406
707
761
375
287
363
1183
1105
451
924
654
812
1622
500
2445
285
402
858
419
1030
418
314
1487
823
618
1898
560
976
692
998
1682
1690
815
870
3133
887
563
1203
2511
767
377
1154
1557
344
366
371
1687
447
558
446
110
478
744
815
434
403
463
400
1563
293
241
430
342
160
1172
1172
144
156
161
737
854
698
529
858
938
594
384
620
1054
419
564
497
367
432
961
152
495
136
341
1092
1164
1345
303
602
577
638
316
608
350
370
303
412
314
422
510
660
654
492
336
496
377
2096
158
678
231
473
2476
245
1422
446
273
1061
286
1416
2194
367
1547
3302
632
829
327
1858
632
405
266
794
986
604
1541
235
455
590
793
368
265
1729
1468
1425
268
579
884
627
327
2409
266
341
226
629
860
680
1077
236
427
4025
201
2776
1284
1695
220
516
250
1335
1406
293
2365
188
2654
516
650
1397
366
787
152
1128
587
387
1081
2211
247
551
204
954
373
700
636
2158
79
883
762
942
538
500
369
958
1973
137
644
127
1107
303
593
783
1218
4690
784
1223
607
775
1109
1861
765
578
3378
2771
526
672
1074
433
214
235
269
262
2279
656
323
633
1656
844
467
1619
306
1074
930
168
584
771
282
1068
431
894
832
412
625
300
222
2341
929
907
328
3688
567
372
223
308
134
476
665
1142
441
228
300
603
587
351
2054
809
883
1491
4762
180
184
2938
1497
826
480
663
733
408
165
503
301
190
504
396
1007
1374
406
165
1085
1349
500
666
633
253
2935
807
454
286
417
873
606
561
227
695
2648
758
290
131
569
381
1828
660
810
267
166
1415
332
595
505
366
3379
582
342
799
429
921
222
1598
2841
1113
1976
1224
474
2071
793
554
355
1011
167
1647
408
540
883
884
190
638
966
384
1358
1858
1308
5599
929
651
401
873
241
836
5498
590
1340
301
593
341
586
517
677
334
3228
484
204
794
734
1620
267
1829
217
391
404
358
766
256
487
164
1563
966
906
874
295
204
1628
926
2505
1392
1460
1303
178
843
555
943
1017
372
431
279
434
1103
1113
332
232
1375
809
263
218
1513
1155
565
487
956
695
562
387
681
1381
1740
387
480
423
1117
1594
511
896
294
1686
743
1463
1232
1416
279
580
885
606
1252
258
208
344
388
1036
540
453
392
162
503
516
2350
631
1282
651
488
460
1807
1118
386
272
3597
1615
376
279
488
574
1874
1428
143
581
806
736
1472
1336
181
184
750
1060
693
791
709
292
1016
543
365
3085
343
500
448
652
970
745
903
1719
521
195
493
410
651
1394
303
196
382
299
1895
4449
181
1421
365
2429
2849
1777
733
1016
584
1116
377
583
366
2016
695
1382
1375
119
563
719
819
3925
517
283
346
521
796
1598
209
780
643
609
673
934
956
1178
656
340
862
1225
264
985
409
893
157
2976
270
443
580
566
761
1206
299
424
193
708
1462
758
183
829
172
836
828
1565
122
990
945
667
979
309
435
436
1014
1106
688
668
301
259
378
559
2092
1758
452
546
742
385
2717
389
252
188
422
308
535
897
164
239
781
614
1357
408
563
244
327
165
669
655
229
481
632
815
243
383
217
196
109
236
1576
382
136
1146
419
404
982
198
486
572
301
139
1667
190
1140
2205
389
592
1076
1197
1744
915
449
624
323
358
611
143
988
391
1038
471
206
463
901
663
403
696
1083
179
557
2257
1191
2776
1175
605
561
976
236
263
817
1550
625
534
152
483
446
621
1620
505
348
304
692
1067
422
1842
361
529
957
1929
314
162
335
1384
332
293
252
188
377
366
147
1190
469
1732
798
711
336
331
1204
1885
240
325
430
988
3067
760
190
1536
351
792
509
1237
466
279
883
610
1965
154
386
153
781
262
2656
1565
209
679
348
669
421
531
1443
402
3764
689
1001
428
439
468
2122
1027
231
305
1818
414
1265
1791
425
2522
227
626
305
709
329
808
1207
1623
1022
389
8864
280
598
339
315
603
3760
767
1046
348
1165
523
457
1274
283
2116
770
1716
485
293
942
2025
1395
564
531
224
412
833
142
861
220
193
154
181
287
1112
336
939
527
245
478
1154
266
223
747
745
311
223
1517
151
718
296
894
682
80
382
902
449
582
496
576
246
200
1533
1151
1899
462
295
589
314
258
950
1350
205
3626
1258
578
270
413
667
202
697
806
1100
3044
219
310
1256
464
970
1162
1116
730
1207
623
3334
210
299
542
509
459
696
4601
952
1333
202
274
246
1038
856
852
425
365
346
302
765
895
1076
307
2898
438
765
487
254
343
254
735
623
1501
1509
806
1322
5249
1277
914
375
447
257
1552
382
571
479
976
320
311
284
610
1855
337
1256
440
818
372
809
481
743
484
889
1486
165
1150
835
1353
482
737
1037
248
936
309
1053
1046
2991
1181
583
1772
492
670
652
336
292
1767
289
2378
659
365
390
791
198
1142
831
3085
485
151
211
288
1972
692
526
1220
2567
829
379
925
473
335
1365
343
304
1375
775
1773
847
3833
546
643
853
770
1098
654
186
463
1017
997
572
299
922
642
238
2478
685
4772
86
345
234
323
230
446
771
438
646
209
3699
930
128
191
905
853
291
365
382
159
653
155
370
2360
775
208
618
353
882
265
328
346
885
977
564
1902
892
338
290
394
1637
127
200
525
485
796
516
622
328
412
1670
541
1368
849
572
1756
324
190
3355
165
691
636
136
5017
2077
198
365
621
626
855
350
3757
408
169
440
140
871
367
156
575
471
1053
1518
342
199
628
1723
784
493
747
733
2066
493
614
728
789
455
971
991
246
1243
1692
253
1091
227
730
1797
284
662
260
1673
1195
674
439
1622
353
966
232
571
398
1826
1553
493
389
1062
2199
2378
949
1121
1056
155
3517
246
326
162
265
1197
1971
222
1460
790
342
615
641
174
428
811
319
1747
224
328
348
796
753
1141
687
654
665
827
928
1493
358
693
328
924
630
2098
467
395
846
461
156
367
285
510
1194
379
948
1759
288
1768
191
762
490
449
158
890
1248
522
4521
498
486
123
220
1470
1060
577
575
3087
499
84
232
354
176
670
404
629
592
943
479
151
679
1133
1845
246
520
926
1056
861
2033
272
1016
389
503
875
484
692
204
284
295
2545
401
3368
317
562
211
434
1820
436
1188
336
2126
3021
622
1185
430
551
677
160
189
183
305
146
1438
283
386
3850
212
83
658
1910
639
1108
3288
645
2836
558
2707
290
902
259
657
983
570
1108
1052
1127
534
662
157
679
470
391
1229
971
229
1018
317
912
1067
1145
830
631
341
289
517
1283
510
197
1696
751
432
304
237
817
614
293
381
392
427
933
1298
972
436
704
945
269
1036
1461
2175
1568
499
360
513
2240
547
4124
565
1485
1089
265
594
3377
602
808
963
254
359
420
251
505
518
634
188
205
1800
432
774
423
852
359
582
447
328
464
348
386
377
123
2101
258
179
736
2800
810
1260
316
147
130
2634
383
104
698
483
648
183
289
1365
952
534
382
3310
1043
355
284
1440
349
1381
693
1261
522
811
975
758
654
680
378
158
1078
3678
224
297
477
413
911
195
978
287
480
275
183
1068
344
644
1477
246
105
538
159
990
280
290
684
486
274
287
218
660
376
2239
542
748
358
786
182
244
756
467
537
316
2492
1143
517
730
415
385
274
300
1774
418
175
1685
320
741
726
983
730
947
1197
612
603
586
157
681
384
588
510
206
523
418
160
1466
452
2862
866
1395
1216
2939
520
415
889
2267
788
789
1542
382
649
1482
777
716
1199
919
539
909
878
1144
315
1550
1231
236
577
835
839
1562
256
1391
532
283
2886
1917
1873
1970
267
459
152
940
3427
1644
1404
921
245
851
456
400
1497
1215
483
395
227
2324
952
493
1050
257
415
1129
663
670
238
1175
438
518
466
524
1492
534
1127
579
254
330
544
782
4364
761
412
499
834
812
897
506
365
714
775
224
918
274
203
1017
1000
566
182
1272
2437
1024
745
163
869
1164
142
1462
818
513
336
1983
200
2949
547
272
2795
3271
802
441
1831
173
703
446
3406
331
779
1267
359
2284
1944
1638
1124
713
3727
435
621
802
230
662
762
293
541
2080
771
357
424
231
390
1468
669
573
299
1088
195
348
364
247
572
810
259
728
729
188
397
654
629
2413
351
156
514
717
1976
620
1001
510
186
574
477
1300
582
646
577
1375
382
1093
133
554
885
452
231
188
479
535
1101
287
564
808
180
282
554
480
703
2380
588
698
686
127
341
368
306
548
515
1371
399
550
275
284
311
1694
508
998
210
1556
212
549
571
1058
1552
583
958
493
2164
1343
958
478
539
454
371
304
277
457
738
317
3299
266
2078
362
518
196
385
1495
428
302
319
401
897
470
633
472
880
728
800
1345
1615
1379
559
1408
350
95
2109
1050
604
1027
195
2554
264
1776
930
213
891
165
720
192
1811
1240
807
438
764
324
536
301
733
538
937
230
771
584
619
316
794
294
1118
465
825
456
881
522
1724
959
306
141
1066
220
326
203
860
433
3730
606
376
335
726
341
197
398
947
469
241
1131
256
148
1079
881
790
1006
378
305
758
1478
791
139
406
461
923
508
945
295
389
521
750
284
196
138
821
473
796
415
109
967
731
245
245
570
2209
353
1391
570
87
1559
3189
880
528
1058
794
1103
295
660
437
257
379
453
1941
412
505
442
607
231
884
174
1306
669
604
2252
275
171
345
761
1520
252
1645
165
936
732
887
578
907
995
171
381
1258
343
168
342
557
538
509
372
571
2668
1045
714
712
695
655
1641
1848
2559
1121
338
879
159
4474
874
704
610
197
559
664
554
192
428
836
754
768
1278
346
490
371
770
1150
4133
1890
367
1070
932
3974
264
1554
226
1093
476
1883
760
414
583
741
889
163
717
629
1092
2624
385
1197
749
1993
3338
208
539
643
800
1440
2209
1167
321
467
712
730
283
362
494
405
285
1275
1316
2486
837
1525
224
1186
467
466
101
380
950
1063
559
376
322
325
322
538
442
2693
121
1259
283
311
786
194
138
705
377
209
1975
2480
363
536
544
839
444
364
299
4881
261
506
564
954
329
381
423
453
1261
503
621
193
448
625
507
647
964
534
1040
888
596
622
1653
185
440
531
957
269
436
322
617
3403
833
215
1030
1176
286
136
844
385
369
170
431
1164
861
369
623
489
1482
383
590
324
364
1138
132
256
1097
507
116
525
694
1581
252
789
568
535
324
664
377
1403
348
240
443
587
571
466
643
223
1224
1189
261
181
1050
473
362
178
1241
420
1729
3908
478
540
2687
225
1888
507
720
374
238
202
985
1319
510
1104
288
1796
772
1109
937
631
1569
167
1056
427
747
551
761
1002
636
670
429
296
383
298
4348
444
621
847
133
693
1109
287
1340
640
138
6670
934
354
373
867
268
997
158
1082
2316
851
376
413
299
2088
1081
566
416
1560
175
1540
916
349
357
1074
290
1296
1065
799
1357
1639
128
519
732
524
1533
758
2331
1072
893
1045
530
1186
293
862
841
968
1380
756
1228
203
513
646
572
491
441
527
679
916
457
380
555
614
3135
739
1997
1046
909
157
454
1338
443
1079
931
1517
658
291
811
598
782
334
806
221
336
550
642
1291
753
1359
282
750
343
367
2716
287
766
427
899
3188
271
843
909
208
2263
2223
1458
798
602
547
249
859
180
825
624
1334
437
1510
557
1147
454
289
825
594
480
313
1173
1386
248
1952
556
2086
336
407
778
2790
1129
389
2286
899
3417
434
1479
428
230
2217
1833
5645
973
837
539
173
590
349
452
315
1821
2009
587
498
394
545
249
155
445
422
727
342
1094
324
334
377
402
433
506
1174
467
954
942
556
636
677
570
169
200
1606
849
351
440
696
170
368
1047
313
515
336
1003
910
1288
595
1592
264
394
900
320
155
550
448
1311
894
711
1166
1511
337
633
825
484
521
532
248
220
1709
547
281
172
1730
285
1231
450
716
509
1133
1079
182
961
677
708
496
3717
538
808
509
878
313
267
914
137
326
534
1531
525
346
204
1255
303
827
637
1048
1153
255
753
237
387
1334
171
465
1779
492
1408
1297
268
408
535
851
825
485
1042
297
589
901
362
1316
1559
801
782
2562
712
1333
541
1121
386
686
598
476
1110
557
1411
182
472
1735
369
432
224
963
694
1010
2256
186
550
501
650
247
721
1055
764
763
236
939
1060
347
715
543
442
403
621
2424
317
243
713
621
309
596
120
467
562
811
830
774
841
428
386
764
821
344
451
815
440
369
941
797
697
1357
2452
1758
1208
1508
2115
999
573
1220
1821
1153
370
2401
267
413
351
1183
328
302
1213
348
630
653
231
654
1567
282
1238
1525
136
347
524
2827
415
1349
232
863
1129
500
205
790
620
424
212
487
2284
1247
1291
710
2496
793
775
530
610
465
964
716
976
1027
1254
1081
354
1924
1038
1013
296
544
2144
245
273
1503
348
700
393
633
422
1204
1699
435
449
1332
667
817
1077
487
911
140
1405
433
642
592
459
2724
547
255
326
244
729
1142
582
379
1077
280
435
1055
1052
1076
396
1246
2995
181
927
1974
1718
274
835
1936
350
213
781
477
389
654
320
771
621
452
745
429
2144
284
336
805
205
6615
840
368
252
1095
742
1842
454
2314
1502
583
210
477
398
537
265
325
5203
192
388
517
476
601
1719
2099
358
731
381
660
2558
432
468
592
1729
504
1590
724
878
635
538
283
602
110
380
1705
340
679
524
298
837
1265
252
2438
997
449
457
475
588
304
121
272
492
1023
873
643
1555
422
1626
1002
3616
1580
434
648
510
478
6442
168
637
1686
927
210
1658
2381
721
655
1132
790
433
2255
715
169
145
388
878
284
377
347
344
448
1021
683
940
1774
2184
256
1514
1214
582
2443
1908
765
481
1190
267
395
173
671
270
588
767
883
1457
236
1708
755
1742
318
298
563
490
208
602
154
981
995
318
217
256
802
171
512
465
2711
245
1207
515
321
318
453
695
583
1632
431
732
483
490
696
300
372
966
369
228
867
480
173
528
852
829
838
288
662
1284
750
439
673
653
988
247
1239
1052
6399
400
1766
309
488
1200
736
710
212
213
481
301
724
815
1385
545
1334
781
651
500
591
1082
234
526
647
296
881
436
247
594
624
244
378
851
577
788
232
297
333
419
850
1399
610
588
672
846
304
626
393
126
559
560
451
242
177
1146
296
692
749
1793
349
858
347
447
855
402
738
599
672
647
485
541
312
1837
326
692
402
316
1225
737
2335
681
375
999
1506
887
1861
1849
1002
871
874
724
207
1207
720
3289
500
324
140
1614
902
574
1299
714
143
415
283
1618
2037
994
766
456
893
548
506
2445
1254
1196
584
691
280
615
294
221
443
319
110
1136
472
1145
562
2189
318
333
560
970
249
712
662
600
460
801
826
1090
573
414
417
1713
580
2401
613
1789
2852
937
712
348
255
616
3571
1229
3711
1345
470
517
459
792
443
942
1009
711
504
399
1205
1359
358
729
312
387
330
1219
355
458
538
950
649
476
454
346
370
1425
619
371
463
723
904
718
592
399
768
352
427
1005
1511
251
469
888
655
222
678
256
570
788
668
1380
505
420
1007
271
1953
582
327
1586
1522
1602
987
1150
434
500
318
91
731
234
464
708
682
560
5181
3126
4360
1570
564
172
587
5638
361
880
769
629
1611
5045
454
531
693
498
417
259
826
874
5704
189
421
993
464
517
1389
647
1249
624
720
1356
102
255
220
853
715
400
767
783
469
903
1392
1152
2072
410
1015
197
2205
747
1041
896
610
672
1768
3403
2876
141
1872
330
488
4459
1265
311
543
826
1367
397
300
110
609
957
1794
864
182
484
435
1203
373
413
859
779
315
5125
392
559
506
681
213
706
705
926
562
3656
2204
1258
759
1255
839
1018
821
1085
867
1991
602
564
476
311
193
149
234
740
329
165
957
69
1172
574
594
1074
1742
1240
330
2536
1195
473
1279
357
200
990
516
770
626
737
2164
363
873
776
998
828
805
251
1542
287
446
1095
506
265
631
1616
394
134
1094
2225
137
1581
1737
437
465
116
950
380
334
476
320
223
313
288
397
991
324
228
271
554
132
991
550
3673
284
268
354
571
648
545
145
946
1563
443
1097
903
2706
284
1115
915
542
822
199
779
581
476
1156
1223
1179
556
711
663
711
491
528
1554
233
208
440
246
333
726
1713
1107
786
456
1214
448
909
145
292
1129
296
383
408
136
682
1895
427
441
742
748
3285
141
151
304
203
903
168
2496
447
576
204
422
842
1432
236
3004
308
1865
469
701
1329
151
225
742
651
3706
373
181
659
971
529
253
324
3837
158
277
463
1644
412
675
550
360
466
441
1423
810
939
994
441
300
427
314
550
388
709
1537
1338
897
1051
358
461
905
569
1654
817
472
271
870
245
2541
244
733
518
695
1262
498
194
563
168
534
629
147
1113
286
571
740
491
756
218
1112
222
1777
303
265
395
175
2502
2080
314
392
320
596
4017
1023
212
409
1058
1123
992
959
327
680
745
670
2065
364
628
1458
608
751
629
210
1145
232
848
513
712
126
969
583
1011
920
440
547
129
1602
3435
656
228
1564
518
1977
403
349
597
1340
204
767
301
821
1159
498
536
1193
1136
629
246
1013
295
598
348
1339
348
5206
1232
304
815
477
350
867
1682
168
860
1293
426
473
182
231
269
817
263
1139
258
384
520
383
400
1045
371
561
1924
765
4025
638
1102
178
875
328
1872
1730
770
1302
676
534
659
571
786
814
844
834
493
617
828
3177
400
640
1218
278
701
715
709
1154
640
927
985
1971
397
847
388
1008
503
480
393
202
1366
169
6102
372
560
254
799
266
882
816
1325
341
705
1086
362
1157
625
496
349
279
1831
495
961
1425
1306
535
795
732
345
626
1193
597
291
372
1219
197
594
720
577
430
374
174
724
558
659
536
747
340
191
189
964
736
1794
1509
1115
232
572
2384
455
556
1052
227
453
296
457
476
319
588
371
473
397
299
2459
285
640
2147
352
278
245
266
2411
296
373
728
1622
282
1701
506
3035
1581
695
511
768
222
620
456
1162
401
3744
158
355
889
1078
407
523
990
357
311
438
292
1003
264
1809
1454
512
992
1436
1165
896
624
129
990
463
470
402
527
363
525
397
394
931
197
2180
1286
488
1124
338
284
401
2173
423
1329
231
1228
1006
457
1215
383
305
529
656
330
1237
696
1253
236
326
273
387
627
355
156
231
98
525
337
645
499
235
368
1817
905
742
361
1676
400
150
201
441
142
696
274
288
515
827
1339
258
851
111
938
793
902
1258
494
757
611
495
388
450
864
1076
600
649
264
987
227
299
1099
798
477
1817
1147
303
718
647
146
626
299
430
715
1076
1146
1812
303
446
749
801
385
605
976
549
462
924
427
863
3234
566
2024
464
306
999
220
1672
211
816
233
598
518
202
920
384
1150
613
583
1130
335
399
693
705
3096
714
1271
819
1253
325
205
438
829
309
305
917
513
234
426
1548
406
99
337
341
349
2135
124
759
156
412
404
565
252
1141
696
2350
668
485
1265
453
883
300
192
261
653
334
2513
721
205
934
173
368
1851
979
590
498
707
300
372
1155
1483
493
473
852
349
127
1077
3191
2335
1154
1626
862
2393
2080
1289
486
441
403
634
282
255
665
517
375
606
624
732
731
415
369
330
667
177
514
523
249
403
739
1845
2328
580
3036
667
1085
475
1187
578
563
881
3236
464
496
312
370
267
804
404
1729
1213
1212
432
1205
828
574
396
1782
360
380
5155
783
3100
750
223
670
521
2576
1036
440
204
678
269
2079
623
486
323
486
907
334
487
281
1281
1059
1903
926
454
229
1485
560
1865
247
961
1171
1139
911
745
652
739
1219
336
256
440
1629
1212
314
260
506
207
308
349
266
246
746
2147
297
890
194
586
256
516
409
265
2678
1143
450
500
609
256
1077
1263
236
233
867
782
462
135
604
987
486
223
127
855
844
594
744
2340
529
353
786
666
323
486
658
218
307
960
357
501
930
584
578
279
509
388
1455
715
3355
360
593
309
1849
1517
310
194
892
1066
473
247
1491
163
454
2362
394
644
1638
334
417
2686
392
893
515
203
549
649
1066
737
668
2049
193
787
2905
305
194
292
1021
393
363
716
206
1778
492
625
409
148
721
696
569
400
226
739
1335
641
774
144
286
902
699
320
260
883
291
533
702
578
573
922
2525
429
193
224
425
136
913
647
4312
399
492
301
517
642
1580
136
1175
496
1164
1587
158
511
2130
3748
439
280
564
501
2496
468
1157
343
704
594
209
535
1521
538
1207
1400
1089
443
1042
438
706
981
3653
421
513
649
423
1104
576
493
369
566
623
1048
113
978
1838
167
232
1228
1515
597
1830
2273
501
953
288
163
720
1141
656
1539
346
680
627
2067
453
882
332
1504
859
352
1102
369
150
415
456
161
471
1073
807
1049
328
1504
774
2288
480
3057
534
986
218
339
222
215
169
1790
3466
1014
1161
1060
247
1350
255
241
1768
827
376
3209
809
1451
266
214
548
1632
756
943
1004
660
366
2507
227
359
226
261
195
226
503
386
942
700
337
2233
347
495
539
567
652
2761
217
349
402
333
790
270
1262
90
1989
1195
2832
630
214
440
333
217
1426
1950
1425
354
827
173
1327
1252
930
2118
242
316
397
500
490
2448
351
914
530
2818
1149
337
289
561
1018
507
895
332
770
692
147
289
590
1450
2133
201
1494
1831
1215
1038
597
1391
1526
675
775
1604
982
144
922
330
499
1145
2357
644
833
636
1110
209
674
1027
1045
875
103
658
1541
1257
1289
377
598
427
1904
802
1110
956
320
1921
535
475
895
524
1002
778
476
1945
368
1548
384
727
745
374
552
411
235
454
2415
290
680
244
344
667
844
1138
1610
763
4172
1328
526
650
168
2163
2876
1232
413
324
1677
612
1723
761
591
1063
239
1277
368
265
361
1221
473
846
339
1295
514
379
748
506
1138
772
147
739
2856
1798
186
256
121
569
2085
342
691
184
573
3402
141
471
1112
181
799
390
283
1204
602
379
758
1031
737
945
375
398
279
219
2415
1240
950
653
861
1199
374
139
1071
637
794
337
928
389
375
313
421
359
2646
203
942
1259
909
1142
1698
206
2273
114
1126
176
1614
2414
2340
360
506
592
884
468
517
678
114
606
355
390
576
158
1497
742
531
332
628
150
252
193
838
798
877
437
478
238
358
618
608
428
610
1057
1421
577
298
685
1156
749
269
2616
288
578
1037
1288
382
387
127
1024
1973
212
856
985
818
287
1394
730
948
2643
1343
566
386
309
156
286
322
1041
326
264
532
389
497
739
419
325
1157
921
873
1274
417
829
665
1602
716
4228
504
249
345
116
798
605
254
674
766
576
288
541
165
1857
517
153
148
1219
396
553
1056
265
1066
100
703
341
657
6452
1240
302
1135
325
2476
930
1059
757
1955
764
1721
782
245
700
585
265
1101
217
580
479
443
281
218
840
1370
697
1254
1181
851
241
880
514
235
1430
2298
498
330
1777
553
367
264
354
4357
1230
1269
258
2286
2176
1296
446
559
1163
820
511
797
757
765
201
216
634
134
1438
750
1347
554
804
360
908
404
676
1572
3352
549
425
276
636
1161
555
412
972
755
970
452
540
507
840
323
1544
545
672
1402
653
1224
663
676
1434
275
6762
1512
325
237
305
1959
177
340
2458
348
384
250
2364
382
213
1865
1454
434
398
1627
311
491
421
685
432
778
569
305
142
640
1009
2434
2696
686
499
404
979
271
375
3151
251
351
1442
776
446
433
352
4462
828
2390
1312
466
381
115
347
572
2330
150
1386
750
333
471
236
608
467
257
104
428
619
321
2903
367
235
339
325
564
383
369
845
440
126
532
2721
323
465
1342
745
1367
1536
218
583
194
91
1143
1104
489
2826
525
622
456
555
231
460
1161
616
1455
774
357
161
610
1496
635
178
417
539
447
915
337
310
3393
464
1185
760
674
1411
1730
553
305
1166
984
636
1124
1081
220
428
343
694
224
308
143
268
1169
265
574
334
1659
492
544
1079
624
355
278
175
245
551
1356
786
630
1462
1942
237
388
1413
608
435
2065
510
302
2581
1212
4880
264
303
603
4054
378
1471
474
251
870
250
282
190
1207
1738
338
3000
821
1369
203
1258
296
535
1361
1307
1319
954
353
950
772
832
369
197
1241
460
331
371
245
509
260
369
818
404
915
257
626
510
275
522
749
920
598
1282
959
541
585
391
164
132
327
361
1243
519
265
375
817
1115
498
508
226
500
744
491
301
876
1730
615
613
274
661
307
1566
271
3015
1141
1792
777
197
1041
1161
468
1473
400
1025
1990
229
1512
3237
519
1105
593
775
348
194
1365
792
1433
1211
715
1169
740
1736
207
518
416
706
503
555
294
305
567
594
570
488
749
397
253
314
210
657
1068
423
1303
923
1517
449
203
406
2770
151
519
1102
744
410
2103
1019
464
1332
1551
126
433
150
752
412
667
565
1049
631
355
357
405
2995
362
255
948
287
259
749
722
1726
454
549
818
190
781
195
523
1662
412
404
289
144
758
1339
349
573
327
447
272
644
740
832
1609
324
623
211
788
297
386
418
2885
3711
486
237
648
1452
1207
1203
375
517
1125
760
567
467
1951
510
1042
3563
198
1177
1450
1103
2548
812
362
895
174
792
279
1295
444
205
311
2102
2108
1037
377
476
268
308
1785
2957
2692
126
811
398
269
1432
852
4249
114
107
2691
2419
850
271
1029
256
340
830
147
1045
477
490
878
345
173
974
1069
690
479
267
288
1247
627
923
394
808
108
271
627
290
2167
207
612
769
444
363
792
441
1959
382
241
1148
422
1617
305
524
280
607
1144
371
604
1548
545
284
227
1959
188
610
252
444
240
1117
765
423
488
595
567
260
2591
356
672
970
244
394
2503
1486
212
662
1133
1686
1523
1691
1047
273
395
751
1739
617
1443
1390
1065
313
562
239
247
171
1540
305
826
795
838
864
959
261
168
453
735
2073
402
6696
897
624
459
243
591
362
684
731
1198
280
552
330
433
598
1758
344
644
310
543
345
1093
361
1481
281
2180
777
653
811
793
338
267
391
292
258
550
494
133
405
232
511
209
1530
989
8035
318
1030
989
846
401
939
300
334
283
927
219
427
654
1483
1512
573
369
805
375
1561
214
513
334
443
519
274
1221
1284
935
1177
351
193
467
427
330
566
1895
868
620
316
3343
1723
396
490
561
1278
1376
1089
165
569
677
1053
626
2071
694
731
480
1843
1498
348
1353
409
427
833
408
449
249
713
2195
1294
1896
888
368
540
397
227
1169
673
388
567
141
556
105
266
173
354
558
1992
210
922
472
387
1427
3569
886
1597
278
451
2299
895
630
707
366
544
477
741
1116
1861
338
290
558
387
831
1964
107
692
137
1183
1408
118
2661
600
322
398
2065
356
1512
912
340
1221
232
870
206
397
336
342
321
1215
2314
363
820
342
542
910
182
1158
302
468
1136
473
287
252
3384
230
666
3020
240
472
1152
273
444
441
1333
484
516
429
2433
864
576
1045
514
1983
739
543
600
393
934
312
1193
357
2706
1307
273
1284
1546
502
658
816
413
895
472
772
631
821
802
482
552
1637
935
3335
2252
2344
2540
1551
820
204
1023
2830
1810
455
852
1569
2509
435
1680
433
1197
843
598
601
879
347
2440
335
369
226
1075
1957
8308
473
690
186
824
2315
1046
912
1841
714
276
669
509
845
1392
533
296
1288
1790
108
746
1147
463
600
620
522
977
269
981
935
782
307
1011
757
687
1396
422
327
3770
1625
269
181
440
1902
324
764
2621
381
241
307
363
196
223
730
480
447
516
428
271
395
300
1978
232
814
447
1376
1690
154
150
321
256
1141
1287
337
1323
665
207
284
988
319
512
1334
554
485
530
333
2169
1029
820
2432
1122
2092
1055
164
621
271
145
490
674
1021
609
255
384
244
682
176
844
1709
1228
1153
490
378
344
680
382
1082
181
635
192
2643
365
484
652
430
988
1825
508
519
2829
441
1013
622
463
314
3409
1315
441
931
539
442
1624
543
398
374
433
769
1023
1121
1144
1179
366
791
474
265
1035
279
3035
348
306
154
502
3560
1504
702
500
737
1628
538
377
1624
405
191
961
212
463
965
903
330
864
870
836
4710
200
245
931
738
454
498
668
512
1236
303
500
637
555
1112
1205
496
388
393
628
889
489
777
331
332
325
326
163
390
391
434
400
1255
748
269
1201
106
405
205
529
1156
2175
385
560
449
288
653
1360
233
674
821
1338
1772
4729
356
677
1321
242
1476
425
483
480
557
520
1624
453
1055
1378
234
172
1204
932
254
681
335
1013
749
642
1005
456
778
172
1881
1039
613
888
832
675
2027
581
892
137
429
1884
1047
831
772
774
495
512
2009
226
374
352
392
289
262
614
573
1608
140
424
503
512
545
983
592
517
343
219
320
722
399
378
607
115
216
1635
849
3246
745
412
1025
3873
295
1336
500
1506
670
1261
118
372
295
411
262
1037
301
301
1297
834
666
945
576
813
1188
1203
813
1491
316
351
945
393
511
1945
731
235
235
862
1457
346
633
1257
288
757
367
441
410
791
343
1295
255
1504
880
483
410
639
1762
475
842
419
427
261
1437
577
630
568
645
530
914
674
270
926
1042
583
1532
612
716
266
284
3577
736
569
807
712
398
593
271
2230
1000
537
771
2633
506
290
1001
237
656
814
134
232
568
1181
239
964
963
404
1274
947
352
946
769
966
604
840
260
593
1037
316
752
637
978
311
2136
3457
1026
1695
559
375
3585
523
214
449
545
352
1338
783
341
555
859
456
412
463
455
443
822
117
137
484
486
1245
556
1201
951
664
932
577
428
608
1766
989
466
706
2255
817
433
317
1691
379
1451
544
1024
421
2424
538
803
429
202
518
976
125
664
1304
316
424
723
663
559
2105
435
148
440
637
275
1047
1343
879
455
1740
251
2366
1853
194
1203
1743
249
3700
882
269
652
1810
494
372
147
320
458
520
367
393
944
749
900
251
844
390
1339
331
700
798
524
409
264
598
784
877
1403
542
341
299
368
395
732
383
401
2097
610
2083
683
961
1197
1989
2188
444
268
1439
1192
226
921
646
514
504
1127
241
690
138
518
1286
286
780
490
319
388
810
546
1027
1613
520
447
3760
1408
989
219
276
310
899
220
763
824
269
303
321
460
947
855
423
849
326
976
721
824
217
519
366
597
703
995
386
779
232
652
452
613
625
264
376
127
604
691
1762
329
962
837
250
3760
429
418
1949
1708
317
918
575
4156
511
597
543
447
804
1090
843
391
2383
730
559
193
411
511
287
1896
616
580
273
193
540
1613
657
190
315
560
800
1354
138
459
580
395
631
385
1032
766
881
85
306
213
400
794
328
225
355
1238
1028
1008
970
721
406
446
528
295
860
237
527
197
1342
602
351
489
694
767
816
818
968
2182
893
1539
471
1025
322
650
1432
171
627
3128
684
818
505
994
373
1029
1124
3480
202
1190
546
307
283
395
687
1942
752
402
2294
2197
561
2100
1578
1627
380
281
2943
2577
457
902
420
1891
662
740
1979
803
1898
129
195
291
775
491
621
251
304
900
223
434
328
551
696
837
514
2186
715
794
289
124
264
605
1656
567
834
316
240
446
288
1202
446
140
846
540
1817
1500
1058
747
557
447
1109
167
1007
2929
1907
277
148
726
403
660
397
368
127
398
1456
473
921
520
427
907
1078
598
560
673
469
1808
288
687
477
242
525
1029
257
645
1230
2267
2719
506
1280
353
1052
828
504
614
699
210
384
150
1032
802
289
599
1848
293
666
1697
474
602
723
1629
2040
560
2259
1074
395
324
1915
883
219
684
3630
291
1017
607
1619
1469
703
572
1805
695
2146
634
402
312
1193
381
595
232
567
1301
1120
841
130
599
275
1575
2789
283
495
1204
384
201
1000
775
1427
671
494
473
1056
799
657
782
3672
788
375
796
572
404
237
558
438
690
673
531
1697
365
472
801
1884
754
351
986
3154
734
707
211
1527
4123
887
647
690
465
616
300
641
498
310
282
1493
300
359
1073
3708
1121
204
367
357
427
2012
418
850
1881
697
524
411
570
316
487
286
188
252
2313
224
701
194
401
143
781
230
771
745
1677
2946
1354
342
162
1368
1612
590
970
3630
240
228
531
2393
2147
707
368
259
1757
1261
691
1619
345
1151
1564
182
369
1031
1071
1373
700
456
537
1340
1091
1642
320
1989
465
487
544
1090
279
105
576
853
366
568
392
1297
463
897
1540
849
522
360
934
1456
316
2006
693
1459
711
520
679
1051
3479
2144
629
156
555
693
372
248
595
211
153
84
851
728
1270
382
590
1126
1596
838
443
1525
1232
568
1287
1182
220
673
2783
2677
864
536
284
315
377
3164
974
220
2965
610
372
822
427
520
776
280
574
395
821
608
191
828
417
325
1249
1462
1065
197
134
529
1352
2887
1841
1045
426
2117
417
534
678
372
132
997
907
944
314
860
206
303
2235
1389
382
808
368
363
162
361
207
246
758
803
540
1458
472
2258
380
1445
1296
680
1013
1229
1107
819
485
599
183
219
674
683
409
408
209
437
452
655
263
415
270
745
1233
300
315
206
824
250
233
118
470
1060
438
1016
1188
654
597
367
1310
2172
619
602
646
537
1132
315
1143
715
533
443
756
1118
532
195
260
809
472
308
659
701
1569
169
359
409
212
469
859
345
1845
732
479
1777
234
2433
1587
149
1914
558
371
391
372
619
1268
1136
1077
312
372
2029
1027
600
585
524
305
607
983
520
259
1596
959
617
401
585
712
1508
1283
623
363
209
872
322
374
2603
642
1194
326
341
514
837
883
3453
536
238
284
1683
409
337
471
727
1276
805
496
1316
848
574
186
1079
446
1234
898
793
360
494
831
323
1037
3403
395
535
122
691
318
255
706
433
754
406
185
617
780
1009
325
1187
336
338
267
251
538
383
1324
512
1698
263
205
285
656
666
1942
1619
89
723
1437
1216
527
373
785
521
809
869
279
465
462
933
1636
791
1199
1647
1823
302
2243
640
355
227
441
614
2839
1073
445
532
511
332
800
1408
131
613
2320
625
593
606
1749
1678
3432
366
540
290
445
310
318
744
891
216
860
517
344
295
2758
940
167
699
148
212
1158
117
164
314
658
210
2738
394
1238
337
384
1764
815
1488
1090
181
328
1477
545
541
473
479
820
704
655
548
319
273
695
170
216
1374
1580
207
608
2050
3227
644
656
485
604
1201
344
247
2318
265
482
963
826
582
593
2620
2907
364
1108
1482
289
2270
445
1373
494
571
931
286
1192
753
1120
1032
1272
872
342
2278
347
118
248
813
747
410
324
386
2416
1285
509
385
796
492
1831
498
1339
694
290
477
829
1704
588
1446
619
554
245
1320
784
542
290
824
102
438
758
299
337
935
266
501
414
1129
982
610
782
246
300
194
1139
946
334
2310
443
558
1927
1417
273
1084
494
244
173
1289
425
599
4955
1311
778
627
380
603
650
416
694
115
464
205
871
1702
261
366
921
448
338
202
606
611
311
1736
307
246
2856
470
2469
416
1963
411
910
289
570
628
3612
979
304
2064
4555
913
1286
219
732
569
153
505
622
435
523
609
473
609
314
141
469
359
336
276
2760
1066
1617
408
120
539
611
745
396
445
570
362
858
881
239
381
435
449
727
578
2410
2713
1126
310
392
2009
1429
4127
421
1141
1380
591
1121
1362
527
978
2726
582
729
198
914
245
3402
285
737
1500
644
162
637
682
2461
578
2585
1872
440
1723
205
162
503
2526
515
388
1380
578
728
918
1359
509
804
318
889
440
1112
475
331
509
1029
212
1220
1828
1398
2194
1276
1966
742
1427
407
980
775
239
454
421
532
1161
1924
359
452
535
905
259
354
799
402
149
255
1606
1014
538
3054
164
474
853
2181
940
177
724
2825
561
295
3085
620
396
161
1452
1217
938
1163
2110
1619
225
581
368
263
264
996
1286
1194
407
1749
1107
844
191
233
355
496
644
965
1012
578
256
379
395
188
661
887
643
388
634
1292
481
2715
552
2447
253
173
419
708
257
491
525
561
178
593
1031
1124
553
480
1034
621
518
2896
929
885
677
728
487
396
1198
2408
450
470
308
851
549
572
641
2850
260
396
799
522
893
2370
466
301
77
279
1100
419
488
1307
1152
558
239
956
499
555
1250
612
613
635
781
2623
166
592
871
454
1265
201
280
226
3421
494
880
282
1468
662
518
515
608
2133
1497
376
1862
2234
632
192
236
839
203
397
561
495
400
468
515
2643
544
624
1154
485
709
151
264
2225
179
194
543
97
922
334
394
414
1184
3709
811
115
1202
227
433
697
652
919
662
785
420
313
1286
498
815
630
567
489
690
674
692
180
144
760
216
355
807
1111
952
1027
573
265
604
209
193
934
1106
202
686
240
321
1060
494
604
405
540
1217
172
363
1161
147
748
343
319
128
1092
200
1174
1162
731
805
1099
686
1080
2465
584
339
1342
187
848
1949
386
941
739
942
1849
732
541
352
505
449
157
715
792
337
1229
1347
186
506
865
304
374
273
483
430
1956
548
737
1104
533
555
408
3041
971
208
653
905
770
690
154
472
388
1363
739
818
1008
1973
414
270
1227
762
2267
325
262
521
624
447
428
845
490
1561
1218
407
762
537
890
1214
493
176
479
442
1544
1113
751
272
986
899
978
175
188
653
270
864
791
746
788
367
284
2244
1202
384
2236
1302
602
2884
278
264
1389
542
574
888
210
189
1910
1750
873
2081
1193
583
330
891
1860
807
668
1124
498
893
3783
743
716
1653
193
173
628
3379
1412
1436
1394
225
1248
255
2430
1883
1739
451
971
555
660
530
1277
1275
461
2155
1843
1175
210
1264
1533
848
1394
262
526
873
2112
958
630
329
3022
784
1971
2214
286
587
448
1061
1416
910
1367
795
2876
445
245
180
2425
395
770
360
746
315
2350
245
1154
131
590
768
634
289
299
273
620
170
315
398
613
475
464
640
296
710
369
921
258
184
311
811
327
1331
1174
319
135
403
1227
1028
540
307
651
1279
381
514
518
1342
603
1375
572
1317
365
403
288
1219
984
1113
408
477
995
809
176
1946
1251
1018
660
894
1215
1183
731
928
226
235
294
1226
787
2965
355
268
538
648
362
247
191
309
602
482
1482
265
167
236
963
458
1116
955
1620
1528
1665
306
605
366
853
415
881
293
1543
558
456
1605
940
250
342
1722
836
288
550
528
540
277
560
1938
253
280
559
460
1400
210
207
1053
1595
303
407
663
1346
1550
840
233
298
2069
483
1550
503
293
194
151
490
406
2213
1349
238
352
1178
286
387
387
1591
1969
2585
621
332
125
1349
666
276
1263
1047
326
1226
678
398
363
507
291
2418
554
504
161
533
1622
280
222
568
1546
1007
525
467
407
476
4197
295
2068
380
640
1655
510
685
1949
440
1661
496
619
322
1096
247
645
985
219
1304
381
1176
606
1550
388
886
463
428
491
812
173
270
1181
251
298
301
620
705
259
586
351
1729
428
626
364
288
1167
1738
171
306
4473
1878
962
413
220
1036
236
2413
307
291
1182
839
408
1825
715
1311
184
1278
1077
765
1254
921
973
910
2294
366
622
323
252
509
1193
766
2328
1288
567
543
428
293
228
249
1561
521
714
402
2572
4705
708
497
505
175
534
672
1473
395
226
2326
832
477
978
500
1321
333
378
585
1905
407
662
473
599
1815
1614
5543
399
533
253
454
310
308
260
378
113
656
883
537
295
640
625
144
1024
769
590
805
773
336
451
298
366
1260
291
1939
596
499
2523
881
640
777
2402
510
663
3811
368
228
277
1036
837
152
273
925
676
309
2345
992
413
1399
331
530
381
461
1328
234
294
654
964
828
291
176
903
952
1515
259
373
1236
561
693
603
1238
1215
1160
1123
552
790
1641
893
655
142
591
701
295
295
2262
1680
1414
1127
150
201
277
258
1143
517
941
395
1035
319
550
711
356
264
595
912
184
157
1009
1257
1283
128
255
464
360
742
335
416
256
385
547
211
310
263
1080
339
313
284
654
1799
1419
266
1707
592
1091
1711
530
389
890
696
489
266
4522
504
1354
277
193
1414
106
218
1788
229
418
291
286
186
1897
983
1166
720
205
349
2849
178
3107
1321
1523
247
674
100
325
1013
1688
370
2645
215
215
738
888
607
1059
986
1610
665
934
776
236
232
1455
496
389
623
163
441
365
558
800
299
518
244
641
1138
821
1219
302
848
3459
601
1963
537
680
1240
1442
296
364
327
341
634
1711
191
2684
329
1543
2016
367
1280
2132
427
443
466
1210
1069
155
226
820
571
1551
181
685
451
1270
1068
1241
765
455
338
1238
1727
573
334
530
312
518
4540
1006
397
594
2664
1034
1022
775
684
195
5444
769
1273
540
571
330
883
1272
911
1066
222
1285
2289
169
551
269
289
330
522
421
731
497
2240
1449
848
2062
1542
855
1394
425
581
698
382
725
2551
1551
864
178
151
693
550
564
929
536
428
1078
382
575
330
1380
1816
435
933
1415
3379
1045
2896
579
147
377
195
495
943
597
2242
248
365
448
1785
1481
916
401
543
459
1323
341
821
585
1509
217
831
1754
1966
480
767
517
203
1008
356
263
305
181
863
1033
332
1367
537
2250
521
507
2350
444
533
556
320
551
486
736
721
952
1560
1610
260
515
249
465
879
168
807
1053
719
936
647
477
509
417
347
134
266
394
233
679
1638
194
2620
2963
748
3012
200
567
688
899
243
661
1290
471
248
297
805
611
1949
1038
262
695
262
288
1060
1176
3788
259
499
904
409
1559
841
1695
450
327
1034
273
423
2450
758
824
602
405
546
504
497
895
1971
221
471
465
2879
939
389
1689
452
473
1884
150
2675
1123
1875
498
540
204
501
559
1175
1023
561
524
560
412
465
823
944
681
784
341
1572
529
786
325
1482
333
323
576
384
449
1082
613
204
406
143
1314
501
230
309
416
1968
1107
688
1719
291
414
867
528
1337
412
4947
404
1371
819
1619
554
130
258
444
1219
2464
189
990
431
576
268
527
665
544
701
1581
226
176
281
601
643
1926
229
1698
4146
2486
1206
726
440
464
322
451
489
272
1030
526
512
201
178
408
1823
865
460
499
2143
162
441
704
749
520
1072
599
232
460
1115
261
1014
373
1203
724
1621
257
393
512
359
609
278
1218
863
188
307
574
1117
775
266
333
222
1719
530
997
438
683
212
270
1119
1284
493
421
836
1176
1353
318
509
414
572
1216
2090
851
2675
657
3227
506
298
1219
428
470
633
1027
1285
501
905
1019
1317
757
354
203
295
123
822
928
2016
271
382
1643
670
1763
495
1441
351
2230
5111
1702
495
562
1053
531
579
347
289
1020
879
422
796
457
1259
895
218
598
240
467
912
735
199
266
550
1760
353
852
1611
559
472
679
243
3927
708
3639
495
1911
2589
290
1511
356
149
151
876
380
562
921
466
346
418
153
1499
911
950
1873
1808
805
1563
480
550
473
1520
498
151
454
2717
975
309
884
175
750
1293
709
878
1543
896
282
724
771
398
684
1495
1984
1064
2528
1607
866
373
758
596
196
335
4162
424
331
205
1625
1500
330
462
349
723
322
1079
419
1580
621
806
228
440
847
364
2291
1760
1224
282
938
509
627
474
2438
217
915
531
1331
830
366
726
412
2019
920
427
892
260
295
897
906
323
450
993
212
219
178
212
1594
607
677
291
98
769
361
826
1058
297
462
125
2185
1237
227
1417
1109
677
381
180
1000
668
360
794
461
1479
1970
1337
1246
239
467
344
1558
946
147
535
457
304
1592
1479
533
253
562
238
257
1179
551
802
485
105
866
893
224
1138
1097
284
820
98
1520
477
4339
1025
304
632
789
920
465
297
268
2411
2702
1875
4275
1259
230
207
246
364
487
1506
1141
1459
259
1638
1084
654
532
213
1003
165
436
1040
347
444
412
1630
910
2291
745
2190
280
1078
2053
600
663
964
1981
206
203
611
1405
336
3244
518
2483
1066
1126
583
459
333
261
777
2090
189
2065
234
326
430
826
159
1945
222
464
440
470
654
386
266
486
375
1828
244
1617
277
913
620
807
180
648
449
282
484
332
491
1872
1538
235
620
262
286
438
1338
471
2709
531
479
695
295
1586
324
242
380
129
933
900
2107
383
711
320
255
960
814
536
212
208
1754
4141
729
585
115
668
1053
592
257
769
616
235
1227
836
2704
291
298
2972
374
1690
705
527
697
1294
251
574
637
1165
292
473
442
1247
410
355
1043
515
796
873
2253
1307
471
584
396
1225
5588
949
538
342
238
436
643
585
445
2993
713
484
1646
1489
532
204
723
753
3349
351
522
476
4715
933
560
748
937
293
605
295
555
859
307
587
1752
416
376
458
915
376
1915
625
459
533
888
627
190
2577
719
559
346
229
961
1021
230
1932
994
1117
588
1052
409
347
219
836
1456
1457
1000
707
557
608
228
246
292
417
471
636
335
752
991
394
1557
533
171
422
749
434
356
1680
2068
112
118
131
1197
473
1034
264
2765
1026
1473
1290
133
1916
1660
254
882
3165
782
476
142
594
1048
611
2701
450
362
458
919
669
569
157
514
405
277
758
425
990
277
1192
349
957
7119
840
323
355
231
437
238
1304
2153
1169
784
260
2933
311
588
1520
1585
2759
882
759
1359
688
334
1072
401
1216
552
2860
689
172
627
598
588
2971
2095
427
356
122
560
663
447
319
1114
1040
472
180
1073
568
766
148
362
452
149
1957
2550
315
381
926
239
288
707
305
553
288
343
304
210
254
327
793
407
859
633
627
2310
3035
156
1097
416
323
389
346
419
1501
340
428
1189
386
3252
995
280
521
617
1459
2091
253
681
1932
554
224
2536
1544
3213
144
494
250
663
759
357
1665
289
262
308
453
642
148
1333
494
341
291
296
1176
248
413
1996
781
1208
1229
1178
1010
314
1492
570
1749
820
612
131
169
266
338
721
534
883
852
854
918
1026
1103
300
111
858
1575
660
632
588
296
871
2342
540
1056
1003
326
986
994
3822
428
985
244
2337
772
677
604
2865
280
467
432
929
1661
205
371
1086
2710
835
888
2764
788
1124
621
163
415
221
1851
494
831
1129
450
3792
1107
718
1632
199
193
1137
625
138
246
1760
544
1540
368
602
912
792
758
584
1007
267
730
317
1605
2520
1141
4863
1094
768
1881
290
560
531
372
649
554
157
2403
424
413
486
1335
486
768
1024
950
387
696
233
1680
575
457
578
943
908
551
540
208
359
119
747
1205
129
508
606
1541
2851
784
1303
211
576
430
455
671
2239
545
928
799
485
1082
188
2167
3127
1063
1699
1415
775
2692
1076
1434
357
150
494
319
895
344
1187
474
847
280
242
571
3687
228
551
1299
1460
334
1020
781
502
458
744
620
164
880
1222
1300
480
321
1036
255
799
556
158
1586
1121
2219
303
244
349
766
361
1880
297
563
4419
733
360
194
231
705
775
849
777
2497
2180
1042
280
1205
597
311
1352
852
2001
1783
394
373
1522
217
534
114
450
1802
251
644
216
224
743
232
1534
432
434
941
303
1582
885
870
355
884
785
267
426
189
1903
285
1641
278
276
187
799
891
1590
88
385
337
218
316
364
935
220
1302
357
1337
1396
762
838
918
799
302
447
530
950
1342
673
206
293
1149
563
841
526
966
1720
1963
1522
380
2252
1202
92
138
841
1769
1144
257
152
853
949
414
703
2427
2804
646
1530
300
519
1644
322
810
304
354
563
1134
471
751
1204
623
532
597
390
443
241
448
279
4543
705
2732
850
309
2849
1585
412
215
255
373
4182
382
176
1139
1882
250
290
551
569
3174
2084
1861
662
768
1284
1192
1795
1211
1219
1778
731
270
419
384
414
2418
335
1160
495
183
309
828
852
811
882
476
689
1492
204
1429
675
1061
420
293
2999
622
463
416
331
556
3367
2378
674
2387
989
746
195
678
1910
363
408
1477
758
316
2786
156
1634
1460
855
255
1563
284
604
162
315
1845
258
2759
91
348
373
390
1959
285
318
1868
183
466
377
3286
556
1166
1205
443
534
779
344
1193
414
463
253
408
748
198
788
186
479
393
1141
533
225
2339
511
956
785
1357
405
465
1751
288
1225
351
1490
255
4245
186
995
486
385
1263
729
700
578
935
384
621
1350
323
844
162
458
468
1096
288
332
454
3207
1817
522
1162
492
1160
861
866
536
129
339
362
615
252
226
761
551
383
1051
472
560
374
2272
940
870
1326
819
405
398
555
421
313
156
1027
4763
207
343
523
285
1181
690
223
1521
2550
180
834
641
907
751
1140
449
685
788
1536
1860
1073
339
343
1474
269
376
1594
239
723
379
344
497
476
876
892
645
669
646
358
252
298
5992
822
426
2075
474
444
748
1306
761
4712
211
2298
979
1939
607
1185
1430
948
1253
397
1674
595
542
334
336
1707
112
306
588
1001
908
557
615
151
465
326
268
406
639
1163
537
392
3408
411
208
405
627
1224
467
310
508
728
1114
162
396
1049
447
1599
523
561
811
397
1058
1106
1102
334
674
276
1653
2416
686
2646
1901
991
404
344
2893
864
177
960
419
288
1121
251
808
357
1347
448
3210
5352
1591
150
709
551
539
261
125
2155
2412
1314
1028
1281
1476
1101
877
449
688
481
545
1088
1351
536
240
1219
684
544
678
1393
592
200
341
308
306
1320
477
2266
1266
924
806
721
512
113
347
627
1284
283
161
993
894
3287
340
237
3055
528
886
213
241
502
368
1250
458
161
959
753
176
395
3462
745
1878
833
215
961
1159
1586
2221
933
238
928
105
800
5386
531
486
1488
1256
1002
768
488
3292
463
918
1747
644
5621
253
281
1543
360
2010
996
1308
654
1614
1915
316
1213
810
346
544
2675
586
423
566
1135
589
1121
293
319
198
252
1190
487
962
1240
1131
693
1168
263
536
2148
1019
929
163
575
2284
484
1335
1919
601
419
448
246
263
631
946
768
741
462
858
557
183
129
205
212
210
1636
239
344
529
1432
504
516
1797
493
184
446
1163
407
799
992
788
106
393
724
578
486
581
475
1207
390
972
411
786
485
500
1031
644
305
446
104
652
634
544
1967
1422
331
287
2627
1970
849
233
392
446
826
166
1120
396
401
374
262
317
1984
233
1789
182
214
960
612
231
698
812
700
973
910
444
359
558
807
1688
754
327
936
409
236
346
951
459
277
501
227
1741
402
188
230
1479
172
631
468
266
1993
304
226
1075
130
427
376
1173
594
701
546
5326
630
616
526
549
451
992
2983
642
255
674
1091
396
407
717
672
156
202
1405
915
953
476
706
847
279
106
1558
684
272
1103
1108
1392
912
1201
458
422
892
453
224
316
242
840
1184
391
776
1011
428
890
438
699
1097
437
885
629
403
220
415
1168
398
224
411
2706
484
744
215
1596
736
890
1023
117
324
528
684
293
2487
1310
1093
824
371
330
1713
568
496
548
465
735
832
766
363
427
1216
1181
749
191
651
1304
928
430
1239
687
1279
1185
786
739
261
877
138
3944
2106
653
262
843
157
1184
416
362
1574
295
605
3178
1571
1110
403
385
1289
286
354
1401
347
1528
260
1695
475
2730
629
282
436
627
1008
535
468
421
2469
1388
365
912
341
6065
360
1174
714
375
607
524
1181
209
676
1309
1213
265
1653
330
573
297
226
98
895
272
1176
892
1624
610
343
384
938
239
1986
550
862
461
1791
558
861
382
735
545
691
813
1127
1988
569
1152
290
194
223
1546
3626
478
794
459
2865
1219
1228
1363
245
467
233
479
373
466
820
757
1010
539
2301
1182
2232
2956
1235
1095
391
1921
260
1195
1694
766
675
799
1170
477
731
3338
879
103
710
732
156
513
571
3206
790
636
544
310
1320
986
545
145
165
2352
391
1184
462
758
1103
475
690
541
533
519
1079
486
1569
331
687
553
360
209
273
1639
227
194
2306
181
195
496
719
550
3571
1686
418
1720
714
835
1799
556
643
481
2145
434
785
199
452
1896
483
881
527
368
300
305
1289
1559
255
528
290
367
460
514
748
255
1095
355
2593
780
629
882
139
1043
1413
412
329
621
808
352
885
803
1451
2326
728
314
971
1870
1576
619
627
707
113
627
846
252
546
743
2555
1534
372
1446
645
1064
944
151
1665
2235
242
442
1232
666
343
371
420
1799
561
442
1163
1190
403
326
385
1610
2544
985
1705
519
804
679
697
503
346
261
485
2532
1503
1058
1103
618
565
312
1121
383
970
275
3026
2670
318
331
578
1461
225
122
1980
838
271
984
421
608
319
497
344
996
322
1553
336
2215
381
535
624
2216
286
494
974
177
422
798
1451
3003
385
292
1417
314
217
495
484
569
356
225
2738
2017
861
501
468
342
1485
577
475
714
334
190
192
626
1137
1818
437
237
145
398
2045
756
1358
661
357
205
922
573
454
905
394
338
781
610
330
434
926
312
489
79
215
1706
1414
242
414
691
822
2090
872
258
839
212
361
427
1339
399
1193
1792
474
203
759
636
581
971
167
391
766
1210
1269
531
434
2419
1128
373
890
1814
236
585
533
848
648
1176
1558
1796
1089
504
635
887
384
809
764
373
357
1124
155
585
798
147
1182
1254
724
1155
212
577
788
1272
1108
302
896
514
409
868
613
870
461
342
207
199
353
1147
406
177
484
398
309
168
2422
317
173
554
1872
1609
434
315
714
198
354
520
1542
285
404
1224
874
582
753
178
1236
1190
1515
881
1778
3505
1105
561
1660
969
1437
271
336
325
1200
961
160
308
283
454
262
287
827
3336
176
712
543
677
610
469
374
1053
438
1261
646
418
2182
336
574
3628
447
564
184
465
1511
192
370
472
343
1171
1039
1568
554
543
372
520
3820
386
444
521
624
201
1572
222
507
535
401
449
155
446
5452
2142
1092
348
605
232
168
167
2995
473
669
725
1540
629
366
2307
3291
263
2187
370
1077
306
3592
1056
1131
523
656
247
375
830
2558
1061
122
592
269
456
185
1110
1189
517
1322
943
275
1248
1677
215
480
176
576
183
1026
654
1333
967
218
634
615
465
534
431
464
353
554
546
129
1029
736
864
881
1636
239
694
2415
662
3889
135
185
464
1181
1632
303
1979
518
775
1396
514
504
239
1232
784
471
723
1253
2155
162
484
1147
623
788
227
975
1255
453
200
363
618
1157
1382
307
690
1470
175
589
1146
130
549
385
1661
520
287
508
393
374
226
214
325
1933
1150
383
487
481
1025
766
538
1381
1007
1018
674
1030
296
736
428
823
2392
128
1931
214
2437
412
1889
215
75
443
281
1386
289
422
449
694
607
100
259
730
631
410
464
949
823
307
1062
404
992
410
465
436
636
725
1126
434
772
492
391
861
522
1786
404
2365
1359
862
130
1068
542
552
228
1254
1298
641
368
581
200
579
1460
2060
226
450
491
319
1083
256
453
752
705
1166
444
305
845
627
1326
632
512
699
286
1100
266
732
196
3271
2097
217
336
111
496
468
402
1888
735
1715
386
647
864
252
461
293
536
722
215
443
560
1752
796
498
2023
284
835
268
429
701
300
371
436
490
188
1287
316
352
954
2913
393
165
431
208
1076
594
283
377
475
1037
336
792
2310
1090
1318
774
1960
1264
1252
869
585
2119
3842
397
1248
736
961
1615
598
420
2147
386
664
2318
498
261
248
758
284
495
1026
975
695
710
554
690
645
400
701
232
268
288
111
1068
700
213
491
3701
620
809
960
666
215
780
1015
1110
1061
683
1407
722
1264
363
1384
448
2076
2099
497
522
897
1091
585
294
849
517
1662
653
1361
353
2018
611
572
518
551
3806
3867
419
470
258
1589
444
398
650
749
280
305
679
403
412
758
1202
621
404
1462
364
994
1201
586
3809
260
339
601
461
420
440
872
571
1188
1713
302
476
329
401
985
244
455
295
149
650
2444
1010
1492
1435
527
215
369
159
889
339
653
316
1250
343
222
166
200
575
492
661
767
733
1383
646
758
509
279
203
84
650
291
2147
697
209
422
443
650
1091
461
676
804
1109
458
1410
259
2899
257
495
405
527
289
205
306
231
570
859
552
3971
981
2142
624
1025
241
1177
601
618
332
1471
1591
511
633
1210
643
416
594
536
754
1262
638
254
756
113
1249
318
197
588
903
469
483
1618
1420
243
182
453
810
349
513
2203
632
170
1099
352
403
509
1128
551
1088
1147
434
560
431
818
2067
277
585
1547
553
702
197
670
638
666
694
490
443
1041
977
562
1069
3940
462
1704
670
1275
1277
2925
188
1615
1082
295
1568
1193
248
915
343
993
693
712
878
350
225
420
1460
638
334
267
1079
958
1073
974
822
960
1617
1794
1237
468
278
341
3701
1012
451
1401
1912
725
328
520
687
288
1261
1032
269
1005
1575
932
1046
294
1808
3450
614
1481
191
639
454
520
387
317
443
861
350
1861
169
1214
1471
503
1567
256
1551
634
700
837
894
700
905
372
568
1016
452
562
831
1541
2048
587
3202
334
891
460
397
549
480
1604
284
500
1615
810
714
1312
470
1114
284
487
109
2041
590
782
459
176
154
996
1042
1327
517
2314
543
223
260
380
1151
1484
2445
1788
1101
1127
438
129
1491
418
286
153
674
351
559
4091
538
163
1875
956
918
330
320
277
699
2213
824
519
145
707
1365
376
957
436
231
272
263
373
803
773
843
167
1154
109
1902
3383
301
1238
631
1329
1911
709
857
281
153
486
691
431
3790
387
174
763
611
365
504
353
297
683
178
193
312
282
1495
735
1603
1564
1124
146
337
1340
866
1052
568
279
348
1978
724
1069
163
1105
367
309
348
172
237
215
595
1360
1138
1603
1120
272
360
320
373
480
407
338
454
458
281
140
320
306
1339
625
830
179
4911
5427
213
971
726
189
605
985
207
570
346
650
3036
579
623
400
1949
248
879
889
1963
662
265
551
727
254
2481
521
1819
588
1359
218
817
1237
377
401
1458
716
268
639
341
693
977
108
582
422
420
700
418
116
505
994
662
373
477
311
488
369
1417
618
2574
513
505
1135
490
398
486
363
1025
250
1749
1301
2044
798
394
281
583
3317
578
459
234
325
364
618
529
268
1576
844
451
230
480
822
439
450
2498
460
1385
467
556
2693
1606
340
1252
558
885
365
1172
411
336
872
4292
415
303
1124
560
1210
118
548
402
519
4354
477
762
855
1507
251
229
1319
382
242
352
502
497
498
963
247
629
540
502
405
246
1740
731
201
638
991
401
212
677
300
475
360
201
897
401
2447
353
550
772
1161
2045
749
114
505
553
2326
335
372
748
611
187
280
829
857
852
319
741
299
2692
146
891
844
210
1011
537
351
329
3191
7908
391
741
668
703
626
613
283
264
790
250
441
1021
354
901
453
382
198
237
1048
896
261
170
661
517
332
234
997
862
333
286
1170
662
772
1467
704
344
396
1458
359
1007
577
1815
121
552
464
1106
322
722
683
316
1176
1215
437
909
527
439
238
474
571
277
888
597
129
227
580
912
1068
529
438
535
1310
780
742
246
281
248
628
698
429
220
476
536
274
797
1732
272
838
1000
1132
588
296
183
131
354
337
1416
756
1478
491
1546
2268
1094
379
430
153
1271
327
435
314
439
781
792
276
1224
812
403
815
2930
694
4288
453
1001
3183
663
309
253
429
234
1442
222
268
524
741
916
712
3925
1478
328
1451
245
2246
511
311
235
285
218
1265
208
269
455
937
1930
543
277
267
643
498
303
191
385
127
3412
3867
416
1841
740
1169
409
800
608
317
264
831
256
698
233
522
796
414
271
689
1051
827
429
608
560
4637
262
638
589
411
246
377
1457
185
3658
1360
780
396
439
917
344
948
251
1338
292
737
2011
1752
1689
1054
220
509
424
1353
1311
481
385
212
262
474
258
2510
233
312
357
764
1371
178
337
79
431
876
285
1514
204
506
284
912
161
118
1436
1956
211
602
174
1158
129
844
1282
505
353
251
2329
1202
521
1290
457
1032
536
1733
361
410
538
328
233
209
660
681
253
386
695
646
303
2781
1375
324
245
1340
200
182
492
480
357
482
278
543
2306
232
280
465
277
776
284
372
347
196
673
577
3952
486
483
1457
1249
496
600
529
144
780
223
951
1951
1011
2841
1022
557
1316
188
851
2019
471
1582
839
967
314
441
267
1815
321
213
500
198
332
1257
896
297
537
479
356
2289
2574
958
978
1105
945
1936
1052
433
395
401
817
588
349
287
396
1083
882
395
2137
404
139
398
287
225
245
1763
457
596
514
911
270
1467
2598
604
272
805
807
968
1360
2047
237
330
1402
1460
136
543
592
1228
463
1027
516
1110
345
389
776
1263
975
242
868
373
385
1866
234
441
831
167
1059
682
1241
332
324
412
303
408
181
601
836
706
442
273
1160
642
675
3274
982
1808
432
413
454
285
332
421
793
333
374
1011
275
2550
291
3469
377
641
446
1158
905
548
224
2162
247
879
737
338
298
1201
1032
577
871
289
1459
823
4258
273
609
1870
355
421
1390
370
340
489
369
597
716
567
324
1163
993
387
540
203
1275
245
205
945
301
272
1455
1544
148
149
858
1000
1038
844
705
700
245
439
1814
895
2566
1676
1111
609
3045
594
294
356
2651
424
1452
1077
323
248
1272
1130
446
242
655
1031
3007
357
732
269
1166
969
796
261
747
4280
274
1474
667
842
426
284
110
210
124
137
1803
674
354
1290
249
1049
352
2483
692
1814
163
1182
200
608
350
402
359
543
201
512
275
659
741
197
227
560
873
1136
353
1512
1422
388
816
1594
847
226
924
301
551
778
1342
971
2853
310
473
500
207
674
499
881
1222
728
1454
3737
294
3150
256
294
192
989
289
382
719
299
590
407
156
1141
2578
469
1017
584
379
1359
1845
543
334
164
268
653
431
326
2296
3642
2909
545
312
852
543
3314
665
597
844
501
1198
756
530
1146
783
464
454
877
1400
1286
655
5436
182
777
1316
158
842
226
524
946
429
327
884
1425
164
939
509
204
551
404
402
388
634
2335
3205
1882
969
816
980
4009
849
825
1021
356
271
1386
640
459
807
581
579
1131
735
482
303
173
2003
445
419
2086
987
478
879
335
286
221
614
645
832
415
501
1934
278
348
306
325
1673
652
1137
696
918
727
703
540
410
331
630
717
1159
1011
1008
226
366
989
516
1299
707
1089
202
276
1064
315
641
698
876
288
988
880
2308
747
155
342
523
662
256
767
845
383
523
838
1238
307
262
198
409
453
1629
703
900
4381
344
908
471
756
649
914
1353
634
1248
637
2560
546
305
407
168
140
235
162
1288
1092
662
1163
243
771
247
573
743
194
659
342
1455
500
342
207
396
741
452
141
465
1519
677
721
512
1206
1259
1611
661
338
617
521
129
824
100
683
1230
3619
1039
921
538
1827
901
118
536
290
673
444
160
1661
1862
936
1793
1501
371
1821
298
1354
539
1093
578
385
1339
174
1027
2840
308
257
1621
1445
555
566
666
654
143
660
374
1008
1131
300
974
1032
1505
905
821
899
2579
255
2723
381
450
1150
425
626
1611
1946
1432
1427
2101
310
1488
255
271
1036
494
766
218
1582
1451
421
296
309
2786
2046
1634
273
701
723
352
646
943
3131
591
313
251
498
299
4013
281
1592
564
487
674
524
429
411
637
284
1527
205
184
370
433
768
181
616
2479
246
1326
318
273
588
1483
548
605
482
611
1517
1174
763
130
1006
765
435
608
544
556
819
804
1214
272
933
219
403
1738
2161
864
999
395
1622
723
450
222
381
491
2929
523
942
761
620
985
469
714
384
352
385
1981
887
1190
423
117
479
421
208
498
526
496
1513
155
2550
2382
1338
483
565
409
422
178
217
903
569
124
1989
330
498
374
428
702
336
1970
1775
1497
1383
222
509
259
174
254
1932
228
432
478
873
476
1645
728
3287
518
548
1975
1065
1464
1276
139
977
530
517
188
1215
511
267
299
1020
2041
1222
553
1120
315
54
4258
442
93
981
2288
481
489
472
390
768
286
590
571
291
434
260
554
348
2052
1156
439
592
1236
796
633
310
655
70
2460
150
224
3968
267
654
458
1257
382
1215
731
353
816
574
1470
240
260
1426
780
1260
425
1165
935
584
490
1110
661
413
578
353
599
398
320
522
1656
1093
1613
694
1481
489
874
1133
314
1656
469
1092
617
132
1240
780
202
1591
185
345
294
251
430
567
442
392
2742
358
658
594
530
567
2004
679
528
565
1063
1414
1307
1185
1435
3179
300
233
849
813
1187
1570
115
1208
4395
523
258
322
302
1832
477
358
324
1988
1510
679
444
538
510
1328
1707
584
296
987
1423
390
331
491
1101
261
705
211
416
176
384
315
1690
698
632
558
784
575
290
1643
465
730
426
5081
344
1316
367
270
312
251
640
636
594
535
293
675
1061
2204
735
288
1216
5434
458
247
340
454
498
871
1667
342
1149
215
352
800
190
480
807
1897
1192
291
213
533
397
3576
257
821
354
393
385
853
713
546
184
293
242
1973
249
788
1079
1152
846
799
2320
468
247
1517
620
408
266
3014
765
1072
336
691
532
726
461
191
395
460
419
1042
736
816
320
484
566
707
3445
719
433
496
129
802
646
267
509
878
439
317
525
319
458
238
1459
596
1229
957
1057
655
676
204
87
689
368
333
749
360
372
578
561
1046
672
1618
368
884
505
1399
838
1024
291
255
2988
253
551
1615
386
262
540
329
577
336
2152
410
197
197
598
1080
1096
1254
1234
1166
491
1526
992
579
175
275
543
1051
290
378
1918
1416
435
316
242
91
1269
337
878
1241
771
344
325
1345
740
305
2939
929
185
516
1071
823
362
742
508
419
235
195
1504
1430
189
1765
660
624
1336
436
404
518
997
1657
318
372
947
307
1110
459
368
401
912
834
398
780
229
666
1000
925
133
342
458
370
555
1108
635
1001
193
216
2990
315
2085
362
482
929
311
206
213
664
570
401
725
1279
3958
1093
203
250
1235
204
164
4824
178
1149
501
396
1854
1208
1124
521
995
1480
434
177
674
484
1081
526
839
347
548
610
339
1279
764
1509
493
323
1732
1520
1157
747
744
421
172
817
192
1145
712
227
2014
235
1636
450
712
1145
1313
1322
282
670
403
243
705
800
1103
212
2242
139
2288
1314
2085
248
1801
363
906
1312
502
1202
1339
766
465
419
285
615
347
247
115
2139
973
877
415
797
770
513
181
1542
3123
1094
225
90
122
846
591
320
1530
281
1825
376
451
974
358
590
351
389
591
1484
2143
1351
779
906
299
356
970
546
888
1723
527
829
197
987
443
243
1612
1482
319
3716
193
129
616
957
649
258
2295
1070
725
515
206
329
512
924
743
3836
1576
650
297
3332
604
843
319
949
284
4611
411
520
1268
567
135
288
863
846
185
546
409
217
834
241
417
146
256
339
1509
359
2035
490
1540
377
1411
115
161
215
150
229
438
1113
139
2566
390
932
489
704
2024
453
464
104
227
215
189
432
274
313
2276
4915
124
459
1293
286
423
4475
521
1017
1250
240
497
194
439
673
784
420
2229
434
329
311
929
1351
573
1196
1180
693
363
797
382
872
325
432
363
719
740
355
369
1428
479
918
322
560
932
880
1187
1078
184
999
104
490
231
4914
648
327
2733
706
1012
509
216
318
459
854
240
743
1585
1333
925
469
3415
887
685
751
277
1017
150
804
369
506
395
973
315
1181
4045
178
1072
312
177
756
1890
498
206
478
568
1075
501
317
340
587
1490
551
375
388
371
2252
466
956
369
577
815
253
1945
1629
312
273
361
644
274
2092
339
1218
321
2150
1806
382
1351
665
287
238
1231
507
812
959
1943
476
654
711
2784
670
548
340
218
453
391
639
392
519
846
760
2116
498
961
375
447
177
234
397
1108
1305
1299
1002
4284
787
990
3635
257
498
714
468
813
678
919
518
1070
1347
882
418
467
1558
1720
145
745
1238
564
444
375
291
1648
588
1677
493
845
307
1365
983
454
336
1193
338
511
1080
819
541
247
338
652
288
388
303
2540
1231
1084
237
189
162
338
276
109
896
810
844
1328
251
2599
313
428
1169
283
505
464
635
1274
208
506
606
861
279
1853
1207
309
569
491
939
329
1105
2041
801
1830
2370
817
1689
1265
306
2140
1101
638
986
442
981
1430
1835
282
237
516
242
1236
336
475
402
1841
289
296
749
419
538
1046
476
2420
553
603
681
454
652
431
409
395
246
1167
635
664
566
557
262
341
1067
1556
637
3114
1887
2677
3584
717
769
191
920
545
1491
542
215
761
306
479
82
738
627
320
627
855
626
162
1159
419
368
168
1475
1926
407
429
424
208
456
797
1923
1778
222
688
983
481
900
4453
597
1265
628
763
276
682
670
249
830
450
506
1287
1831
686
574
646
236
343
470
179
923
543
543
366
551
449
875
495
581
597
81
108
1053
947
1163
330
436
324
266
607
194
819
874
2095
303
1879
1293
511
933
1366
398
250
428
208
435
631
200
118
432
435
242
632
1496
339
1052
237
323
304
232
253
1188
184
2548
619
1048
1805
860
277
863
364
141
205
767
1582
203
539
480
704
401
860
590
248
584
454
237
292
831
579
303
1134
1069
1072
255
230
934
1518
723
1673
1517
404
216
526
201
562
1700
216
227
582
843
371
543
5048
1943
434
180
449
302
201
1328
2415
923
229
533
193
778
3775
443
1440
335
356
1142
730
897
1322
1383
1451
382
589
2357
1041
416
831
297
569
441
194
329
635
272
290
234
1535
463
1532
3357
273
309
440
304
994
196
3295
945
147
717
1205
403
152
917
597
413
449
518
395
2575
808
600
316
1931
883
726
166
396
1158
455
883
746
1079
731
492
445
921
2500
627
157
244
1064
1310
676
313
261
325
1752
474
827
1874
3498
906
513
731
604
356
409
126
402
269
797
1219
676
741
477
710
1683
757
976
909
247
324
1107
1102
1098
456
707
1146
172
261
294
466
421
2415
327
285
731
228
1015
1094
687
338
343
291
403
240
321
378
1224
573
907
620
462
986
195
781
126
192
1210
525
698
468
774
565
438
991
1781
4154
334
287
786
547
521
383
790
1456
988
1641
414
826
84
1566
350
3011
403
668
1158
960
766
843
466
819
736
551
1641
583
3053
1503
1482
691
1371
243
894
319
1191
512
1219
711
700
251
3740
544
225
329
1297
1296
390
465
638
1052
688
423
662
393
770
2898
146
1307
1327
1136
298
845
829
363
225
599
521
1564
534
407
1998
418
480
296
255
1089
886
292
170
887
445
714
1275
308
2397
389
1935
813
834
602
1218
567
898
362
2648
280
318
426
678
1313
578
205
381
175
256
626
516
730
1463
601
1379
1065
456
557
2099
3231
469
248
383
435
769
633
550
1109
243
498
359
437
860
207
541
351
666
558
194
129
231
251
245
419
229
431
284
284
2779
509
447
1866
555
691
1143
304
367
1214
731
331
744
718
211
402
308
1093
685
3701
1140
718
718
345
1079
2007
1584
345
304
350
644
466
337
144
380
985
946
1672
793
610
307
418
1062
475
648
760
420
751
766
403
784
767
522
471
1306
720
242
2902
857
248
869
1821
751
961
537
519
349
1817
584
306
232
496
451
596
207
482
285
940
1588
1021
477
3307
214
1139
858
475
820
688
293
663
192
479
493
272
1345
154
342
879
207
830
1088
775
577
414
2132
617
312
390
435
358
746
2331
153
340
648
208
834
582
82
1255
871
402
937
450
208
503
945
771
398
478
2299
777
520
1016
360
560
253
140
556
540
436
407
719
2824
342
220
469
258
399
648
922
341
1708
1213
804
411
424
431
3673
938
1909
354
1661
1751
378
268
197
1670
387
665
1374
1128
1098
221
896
592
1933
946
923
723
499
1077
760
1156
559
331
399
1444
238
448
458
511
602
179
1545
518
835
217
733
174
641
372
191
586
799
534
1107
4413
456
1287
430
1300
126
