256
686
526
867
345
2039
314
192
208
200
362
477
1507
190
846
403
500
286
384
504
930
784
312
351
407
534
184
521
233
164
1702
464
289
198
270
309
331
346
195
574
277
276
1526
586
1359
492
288
523
165
161
841
1011
408
729
249
832
527
494
398
347
647
261
582
1423
189
481
196
563
562
986
593
502
913
332
721
414
192
459
525
191
538
409
452
1425
188
731
523
576
351
802
322
438
933
452
1277
1145
624
146
403
329
459
173
535
1063
522
765
268
612
259
160
97
234
1030
1413
948
1334
223
374
512
752
393
195
313
427
643
1031
215
281
839
1174
644
82
66
290
243
524
729
306
350
807
591
467
326
574
418
712
769
568
956
300
199
438
234
994
973
292
1587
552
407
232
945
1482
1012
342
781
386
1578
369
692
2076
169
579
598
355
352
1480
700
1076
396
403
247
253
643
282
1415
228
1813
171
290
257
1372
793
746
295
595
386
243
304
1398
194
448
218
996
863
861
277
700
203
201
198
179
205
585
142
194
830
294
497
377
559
1218
1246
490
459
1327
450
203
613
557
175
101
198
219
1311
396
1003
1014
558
309
313
1283
271
339
1562
375
898
613
84
482
553
746
170
412
276
422
325
208
357
206
375
278
974
528
1828
775
1084
165
514
994
541
1134
386
132
125
623
317
2103
222
233
424
795
163
456
869
669
981
267
695
623
91
142
1108
363
607
711
1031
710
206
400
238
121
133
653
179
721
412
836
421
125
1038
1821
408
1714
575
1146
427
114
465
182
357
753
621
732
413
403
165
477
498
186
526
1242
154
233
374
208
319
406
382
178
383
145
429
407
367
420
781
754
1604
240
145
333
551
621
256
433
462
767
593
2447
342
389
178
466
727
430
358
427
373
960
183
309
805
531
410
161
389
599
1309
633
689
1646
227
258
649
242
433
90
775
291
1961
482
420
512
309
309
336
389
296
373
923
129
144
357
590
956
3888
954
407
276
1244
881
180
308
329
687
211
538
251
807
676
469
525
363
699
457
713
299
780
167
425
1412
126
137
272
1134
127
357
1004
652
1401
490
717
1047
421
461
478
838
156
900
742
301
277
671
121
2054
347
531
1054
305
263
396
273
343
257
660
1710
182
757
248
781
1151
1547
149
423
84
870
326
892
357
190
474
207
1384
176
158
502
318
741
504
1628
598
900
129
463
601
767
222
278
648
550
311
332
153
722
346
232
943
1755
287
1042
878
480
289
1167
393
285
344
667
798
1052
2421
727
438
220
992
206
293
482
219
312
291
2019
546
652
158
952
322
974
783
264
217
242
341
98
709
399
714
207
433
1462
410
187
1065
365
833
605
412
120
1373
281
362
415
1523
426
700
1247
694
598
219
321
94
286
617
678
184
665
478
843
995
277
449
595
598
342
1542
286
716
172
417
1036
472
406
268
603
75
1508
441
403
947
341
426
375
574
654
688
268
797
296
353
133
820
228
518
871
2122
340
1225
553
816
378
718
678
1456
274
368
1201
919
2045
613
1275
281
226
1058
426
249
549
1214
843
1033
367
442
396
411
645
561
440
676
426
183
634
480
397
1978
858
801
467
241
530
455
402
347
391
518
1438
373
736
245
705
379
361
351
876
203
606
1253
532
524
314
642
1085
257
677
612
506
383
502
1303
233
267
502
155
1021
918
399
336
291
811
907
301
855
1213
352
1378
1467
926
286
390
892
307
670
355
412
392
1003
957
199
1044
207
366
259
295
996
75
321
2178
592
433
193
542
353
352
1290
298
591
410
611
358
525
570
288
376
427
1086
352
653
317
427
327
621
1473
720
902
304
895
212
579
264
362
523
173
676
517
381
856
205
516
242
245
295
487
405
525
1252
289
340
282
341
457
330
323
1011
289
892
241
785
134
592
366
200
330
183
347
1320
2140
155
780
506
534
377
523
1336
409
447
1295
427
1693
776
790
397
370
398
418
1138
589
477
305
335
527
68
360
291
687
1194
352
681
220
730
493
129
244
197
190
272
159
365
208
819
594
296
154
419
247
804
592
415
229
431
309
1001
540
792
279
1147
633
255
417
389
737
1721
120
1392
320
552
864
1120
152
869
170
220
765
801
543
329
271
630
1190
1723
72
501
294
495
412
1059
495
364
330
134
454
393
340
271
420
369
410
630
772
362
542
464
645
309
418
581
331
2824
535
152
731
775
368
2229
329
575
1435
975
780
217
2316
300
366
1061
904
526
229
282
500
434
905
795
191
848
702
97
695
778
1581
1008
898
988
894
310
1388
354
2199
437
136
205
562
616
98
960
426
651
366
163
417
390
1065
193
810
680
430
344
613
480
205
1051
929
342
417
269
762
471
1699
481
987
178
3266
672
242
1613
721
1246
973
130
913
1742
263
255
321
768
508
299
653
1129
685
315
266
1372
265
1225
275
281
260
432
429
227
952
615
405
389
746
234
294
390
472
722
568
523
465
1142
337
684
320
994
1551
560
696
689
416
761
374
495
153
1380
384
983
595
762
440
1166
1003
386
607
683
654
210
395
469
419
620
555
1542
905
1026
539
457
298
218
222
937
501
564
820
357
301
695
1579
343
323
572
566
620
195
624
108
455
583
391
350
359
866
1094
336
320
565
718
375
1318
259
673
181
160
346
466
1110
365
450
106
140
1925
1527
1255
824
1668
634
116
904
421
473
360
328
260
442
984
126
273
731
193
451
752
481
359
159
319
588
846
600
527
210
683
432
434
207
315
1111
1049
287
1284
186
148
395
129
249
368
737
113
353
656
971
205
837
195
338
166
469
520
338
291
352
348
293
1311
397
400
314
1141
196
1004
552
333
1420
68
739
310
551
568
216
507
346
943
288
984
490
283
339
244
898
253
1008
288
510
315
1098
631
899
381
220
449
315
246
637
228
1503
281
1502
225
281
433
282
295
677
149
547
403
381
273
348
482
232
403
936
336
184
235
349
340
285
416
255
461
183
527
245
872
330
289
411
191
281
228
1395
247
779
808
264
334
971
1115
467
281
327
712
791
1095
387
374
1160
147
156
1982
547
236
1353
1337
460
263
422
569
426
714
363
350
529
164
472
449
232
994
665
642
1050
663
263
359
529
806
531
246
552
550
710
1133
1421
657
2145
564
301
320
360
592
536
356
442
1147
385
553
520
333
173
361
537
438
935
205
358
210
354
587
157
1071
944
551
625
559
310
257
256
894
457
1050
1476
224
1004
352
566
310
619
1004
639
647
679
828
2072
359
242
500
1009
485
100
206
142
697
307
462
343
333
656
615
513
489
625
361
684
911
255
889
590
442
231
288
759
165
179
601
548
335
935
1418
862
197
290
2233
155
258
1896
406
400
425
1337
647
719
153
1214
588
1558
637
741
417
99
156
285
277
162
258
1214
414
658
289
575
1196
228
959
857
338
535
175
368
306
549
548
425
1036
399
443
202
250
802
809
242
258
1225
597
1282
643
115
496
196
860
443
375
1235
573
166
371
709
736
653
304
1615
239
515
814
496
840
304
222
126
348
1424
892
736
1326
1547
579
1163
535
371
517
165
353
687
337
1741
343
516
239
973
2868
256
289
643
229
2490
1022
1066
652
733
280
657
246
568
991
163
672
927
218
401
564
563
358
1666
197
273
146
1242
341
432
1177
193
642
743
677
552
769
516
236
1947
492
629
907
1043
1579
856
634
447
165
249
441
471
324
1175
484
1758
223
782
430
431
641
279
179
354
460
1410
146
326
520
177
1149
190
124
870
281
169
724
237
1165
125
144
498
168
212
997
470
564
623
208
445
151
1639
400
1048
663
631
532
1255
1598
434
692
203
415
224
405
250
1113
428
336
599
581
173
472
259
1410
242
354
912
1181
390
169
599
1130
472
381
653
1593
459
904
244
400
663
390
227
565
1039
191
963
973
285
562
2237
641
269
1150
513
753
932
428
214
331
397
613
1008
184
159
768
363
231
514
424
139
295
641
359
845
431
706
567
639
435
1069
514
119
358
257
249
411
103
951
199
252
1009
313
177
927
868
275
675
1042
369
506
1789
1052
362
298
528
1547
148
513
453
427
313
542
173
498
565
491
2026
389
694
746
357
318
313
380
272
807
429
123
186
574
260
636
596
637
314
315
284
243
307
333
676
364
2348
1777
158
210
487
276
944
222
346
810
148
332
140
493
773
730
677
410
804
446
186
1442
275
641
339
761
301
408
403
188
903
389
1339
480
195
670
1815
452
331
1015
915
1132
337
297
1203
493
1118
713
380
714
379
492
1265
615
595
418
175
679
444
325
807
763
216
1313
959
822
916
594
197
582
791
1082
638
983
1763
302
613
641
1185
250
362
1556
406
243
268
491
282
367
1354
632
1647
974
746
1471
114
1940
1264
105
484
455
1282
162
379
89
243
936
247
1854
747
329
223
209
756
191
676
157
553
1645
213
543
157
444
482
216
496
1179
341
374
303
409
1278
441
296
253
212
265
280
332
859
762
249
344
682
467
473
1041
794
429
1087
452
745
257
350
529
675
1194
166
153
767
258
441
483
1676
1116
315
1632
202
753
521
201
383
348
248
644
1830
361
219
235
455
410
214
1018
352
237
402
826
231
273
224
964
1100
306
730
1931
382
1199
202
1163
833
206
743
1288
604
719
804
328
323
187
366
697
1324
782
949
245
612
1417
670
429
470
262
781
537
519
163
262
249
274
1359
151
488
189
394
607
1451
391
222
181
338
371
250
532
752
505
756
131
561
317
371
139
245
313
216
591
668
1069
220
340
222
479
192
405
212
337
768
599
649
270
242
491
161
677
441
280
2614
291
445
316
333
398
441
297
659
686
543
252
537
434
324
