244
205
1322
803
400
428
746
1114
259
613
1931
355
267
433
1631
468
291
867
742
1176
609
119
501
1213
383
124
1184
758
1102
134
992
710
771
239
983
760
306
498
570
588
325
981
343
1254
874
570
663
304
361
396
245
969
1553
726
956
2022
315
460
135
599
554
464
204
323
649
412
793
249
262
239
1764
375
1235
1123
828
377
2621
359
1040
822
197
323
1410
219
713
295
1270
173
261
2062
144
337
375
761
571
522
480
166
754
575
909
317
514
402
1044
537
187
345
995
363
2360
109
595
1054
533
500
148
803
514
1121
591
683
325
260
736
142
516
351
333
631
916
579
695
637
414
312
235
843
482
320
154
517
1001
366
768
602
1487
951
626
389
797
383
1024
538
851
572
302
389
201
206
186
533
602
272
1109
226
697
647
328
713
1316
302
590
734
144
403
106
636
424
1137
479
784
654
1548
636
1585
653
325
672
693
158
303
433
482
404
1944
661
452
1093
349
321
238
1001
666
457
308
308
863
280
749
403
405
156
227
476
243
396
617
414
164
504
593
553
413
1180
210
151
434
155
672
326
840
140
647
321
437
197
344
1028
136
121
128
549
614
292
327
393
223
512
2567
249
274
415
365
364
256
480
450
1490
1035
359
635
306
707
217
431
147
263
206
357
233
641
545
793
473
482
659
396
1110
437
688
1122
506
206
1126
225
565
901
330
890
248
745
434
254
134
153
129
1098
504
234
445
306
137
176
735
907
1612
561
698
418
245
533
683
871
690
601
540
1567
1079
897
233
1170
785
1450
941
778
418
488
1385
386
1152
770
440
194
387
104
696
218
219
204
274
223
649
307
208
640
1244
851
659
1354
634
369
403
542
127
508
699
386
422
483
719
281
665
760
236
622
705
382
483
409
202
687
2143
190
1430
346
407
284
297
169
420
473
350
630
775
182
215
734
419
219
200
497
360
119
119
651
2281
229
379
809
787
1199
372
395
822
176
869
508
363
1602
81
710
806
718
232
479
489
478
1380
580
730
627
478
594
293
699
263
430
2379
1057
526
504
298
524
542
973
260
215
324
802
322
348
555
976
225
279
768
805
1636
224
425
787
1049
1413
488
353
472
1024
972
223
274
484
823
428
292
2347
259
325
451
372
463
1203
1168
564
888
580
251
440
143
221
315
462
371
391
670
181
197
158
235
1401
1000
239
229
552
1655
288
169
863
923
545
585
293
473
636
710
325
885
373
191
177
219
1439
2026
669
641
939
404
449
868
359
878
679
756
894
494
175
270
307
730
238
687
905
529
381
664
1502
532
1084
1215
287
424
212
954
1535
1208
370
861
1038
533
269
289
173
177
382
1527
338
347
556
600
198
237
675
683
174
473
415
1217
320
783
293
329
1743
784
269
123
88
425
821
127
723
847
286
643
798
1075
315
805
400
319
378
1242
152
254
166
281
155
230
117
58
185
715
704
831
570
630
252
2279
445
638
251
728
994
529
532
1375
637
198
335
1420
328
995
281
303
295
399
234
162
251
1052
811
692
1457
705
415
386
1047
296
578
390
411
474
993
166
549
418
652
352
193
1009
1096
188
363
241
518
431
643
620
143
800
219
752
457
617
308
2788
221
849
311
495
588
519
610
649
730
1556
383
524
1171
337
813
601
236
440
802
967
1385
393
375
855
415
577
624
178
260
742
369
485
578
463
475
780
445
296
675
332
214
517
893
1159
990
1576
241
464
806
1258
731
1376
455
886
391
783
693
536
410
262
394
445
272
885
668
131
608
710
390
844
403
1000
226
377
1061
369
662
765
571
760
369
339
603
667
823
167
442
238
734
2935
1957
251
1735
384
142
470
995
442
176
932
437
1001
313
306
338
1057
598
259
625
714
1636
437
157
544
1004
267
407
632
749
453
379
276
911
116
239
355
926
820
1027
806
1787
675
584
1567
222
510
565
664
340
435
1110
304
412
185
571
519
1566
375
241
130
345
822
123
1775
124
510
235
297
609
328
417
557
305
1249
642
596
826
1223
338
598
2272
234
398
684
902
769
281
765
1124
816
194
681
530
585
872
1405
548
187
443
134
221
634
334
232
315
114
313
1222
685
1058
612
306
631
302
1517
159
496
217
210
297
738
526
582
1163
708
319
559
1450
500
114
347
504
896
188
1047
251
384
200
1071
260
335
133
311
412
1037
450
751
256
423
231
2233
125
731
304
535
1541
2326
620
359
295
1257
462
247
504
427
1825
393
555
474
168
204
525
259
942
384
1077
807
167
317
1005
705
169
806
224
257
947
766
262
1099
667
425
110
931
731
814
255
149
136
1290
197
262
160
1158
197
470
396
422
272
308
1365
334
438
413
195
842
967
174
192
358
1481
1381
379
1282
1087
830
163
369
980
247
477
1093
303
153
2352
831
273
265
321
139
477
394
1074
858
1046
532
303
463
302
227
919
494
508
423
1033
409
1255
644
380
1709
208
644
508
1717
915
179
1490
334
376
361
2300
382
1028
348
204
969
225
645
976
1372
727
505
655
269
301
419
348
322
876
131
360
479
201
526
325
546
351
1294
971
603
184
471
281
214
367
661
299
695
498
232
349
477
278
419
1821
447
1004
419
247
748
153
216
939
255
242
803
304
266
180
229
748
981
902
244
742
669
228
223
1018
586
506
495
1207
773
513
487
1221
1319
389
2142
767
339
431
147
246
1076
1016
154
380
764
333
801
808
296
1146
196
223
1352
413
509
493
317
1248
221
1319
710
415
105
381
699
719
1204
1099
1640
489
1172
195
1194
275
300
172
448
134
505
454
96
965
271
437
514
434
910
229
370
512
1238
520
218
220
1266
365
166
664
394
908
311
401
472
808
571
562
769
415
583
103
1867
298
463
1356
505
757
244
172
638
306
634
929
1390
409
255
366
134
412
505
963
444
119
175
429
416
160
346
725
203
1493
372
334
982
461
202
925
829
623
284
334
2441
537
796
574
187
322
89
695
233
441
320
309
930
368
359
1767
323
204
559
1064
1066
405
393
220
644
191
468
253
902
382
322
412
437
684
636
549
507
286
295
692
291
1168
577
509
211
224
1132
906
631
435
233
464
143
940
548
293
613
295
168
237
694
384
656
364
370
920
358
792
891
760
159
154
193
202
344
204
237
271
1619
675
765
89
183
223
1070
557
624
994
488
829
1048
190
623
294
821
899
1465
584
351
236
211
416
193
1008
271
370
702
801
442
1131
237
451
167
1418
411
912
264
440
1030
1713
585
632
405
557
1429
1319
2323
377
1389
402
215
257
1111
811
943
828
114
473
930
851
1513
729
2056
1483
1213
692
463
1180
279
359
162
484
446
434
703
199
789
306
208
262
968
326
688
949
1207
327
441
886
296
484
401
1482
203
1628
2159
1189
407
606
283
747
416
307
249
751
286
516
101
763
641
385
674
586
277
538
618
391
518
553
422
981
201
551
1954
305
476
458
222
186
1089
331
319
420
216
1171
901
304
312
341
565
2830
428
1470
232
269
202
694
924
136
691
539
488
694
431
1412
809
386
561
1291
217
1139
272
563
561
247
352
740
438
537
667
352
946
811
367
751
644
224
572
1406
795
509
180
248
431
819
444
145
606
204
207
186
498
278
470
183
950
918
988
672
400
774
602
1404
582
195
204
224
495
394
208
310
672
447
266
491
272
293
233
283
706
764
724
278
331
269
2325
802
649
98
354
239
1475
239
431
1003
746
436
190
527
565
491
574
1209
643
162
952
544
713
238
353
1051
253
636
421
200
516
1629
463
2165
903
490
1355
346
448
352
257
283
487
388
910
582
762
660
609
480
281
192
828
477
786
1362
309
742
743
122
272
685
803
1092
838
1149
135
614
916
707
689
504
688
269
1557
1576
1015
1336
499
2499
1416
299
309
415
489
215
493
709
1364
515
525
357
939
288
585
490
522
268
814
625
1422
394
827
434
1253
842
376
393
256
465
534
506
335
546
601
1723
382
250
319
779
819
159
1058
373
104
140
662
307
490
1172
1163
679
844
163
183
529
545
105
204
305
141
396
319
1226
360
688
1672
237
225
1338
565
454
301
1320
406
339
520
396
168
693
416
409
340
520
267
517
386
445
2667
406
306
289
396
755
1442
567
299
391
880
457
340
437
285
1052
624
643
341
206
1164
370
252
414
696
316
488
553
445
435
391
623
499
858
411
556
729
399
879
174
184
577
1791
522
1666
233
327
387
1161
511
292
318
1620
387
476
3007
528
422
582
1788
839
242
1020
589
327
348
287
266
732
511
623
277
403
117
1501
191
966
146
304
474
1706
521
234
750
913
162
736
538
818
151
848
467
420
1161
420
1031
115
547
120
801
995
398
753
243
911
2276
209
234
280
770
940
283
662
907
266
289
488
396
476
325
263
243
382
1500
162
271
610
299
252
446
503
1157
742
426
310
430
309
660
433
644
549
719
333
460
335
737
1441
741
825
537
371
291
705
969
391
299
294
445
264
326
262
346
435
1999
670
1150
326
284
463
644
692
579
291
371
558
348
1496
1083
749
875
817
462
1328
883
270
279
485
896
897
264
428
283
477
768
316
623
736
2476
380
757
191
378
1162
1017
2123
498
277
252
172
940
472
359
171
966
589
689
376
193
120
94
534
570
732
875
2571
320
338
433
415
338
2397
2457
1464
596
212
930
161
790
316
1246
913
294
229
367
537
645
904
179
983
4138
994
129
588
1195
592
455
749
306
168
1234
655
1199
913
351
536
281
264
493
1067
978
1111
390
462
361
363
585
571
453
835
448
291
274
873
1106
482
447
150
203
503
735
503
1832
696
1477
867
1193
272
766
374
486
778
680
631
362
860
481
301
497
845
