309
614
1380
289
314
375
290
493
210
443
774
289
649
699
181
155
2017
1103
736
359
378
98
854
453
158
568
1750
223
321
782
329
295
712
97
899
226
287
1131
994
395
1663
918
339
2030
148
594
397
143
297
2059
640
245
1486
242
608
1117
109
210
281
584
959
1148
245
878
114
199
321
323
422
460
526
266
343
1054
298
883
263
313
822
362
1147
708
1422
239
739
524
2312
103
2096
2232
190
241
1529
308
586
1723
404
338
338
117
359
681
684
575
657
1448
1431
170
356
405
835
1353
361
484
278
1329
761
144
234
543
352
692
548
675
435
778
662
494
307
540
1047
872
749
494
786
435
1190
305
414
970
869
423
341
908
961
125
765
1099
177
366
455
539
480
176
1157
264
442
412
466
306
133
1141
483
1274
834
197
332
189
1158
475
365
977
995
173
109
313
407
1224
215
122
310
469
397
393
532
274
419
293
306
451
899
507
867
876
663
997
975
218
318
474
950
1021
311
1057
238
1178
183
1837
603
610
225
644
885
554
1068
345
348
1077
1046
214
343
1570
631
342
484
497
675
169
875
266
376
1560
1107
658
457
1023
377
513
756
1981
1165
858
234
347
294
1871
560
1814
1313
474
910
384
1066
786
583
224
298
320
1703
746
858
1099
697
1060
869
179
231
1054
1664
233
368
633
329
191
1278
359
300
380
339
466
2101
106
736
1890
677
545
700
240
615
493
200
660
1257
1593
259
1496
347
413
334
469
247
811
561
2084
197
2113
609
395
685
350
549
137
802
298
828
430
374
679
984
514
457
1348
1006
623
164
146
727
569
622
325
708
1047
496
887
501
270
1076
288
501
633
640
171
1730
628
192
751
272
348
452
262
197
189
1801
981
283
687
623
868
1385
139
1010
298
569
1203
473
664
929
898
263
616
289
455
459
195
371
444
806
667
176
170
131
571
2351
278
531
98
193
978
265
712
750
269
507
673
623
362
1209
300
860
728
736
897
586
472
476
327
479
240
903
443
659
2282
783
143
488
245
354
908
993
434
139
264
299
569
286
309
740
636
537
364
217
472
545
304
292
188
265
735
427
364
200
376
259
387
353
1025
187
422
234
356
302
287
541
910
456
393
658
566
423
155
426
251
1952
751
743
237
147
267
2103
350
593
166
417
422
653
220
667
427
226
1025
422
144
296
677
1066
675
455
348
1048
537
121
809
561
699
136
614
500
632
444
370
920
571
1141
757
924
754
340
1465
1331
405
916
844
189
387
411
483
514
195
337
548
665
556
378
163
176
488
697
297
749
101
326
172
495
597
243
664
933
1221
293
478
1171
1144
365
234
470
358
238
1217
259
894
1415
320
132
237
1402
344
466
1407
408
1436
814
208
1300
1540
430
243
766
646
517
542
473
599
615
193
284
1417
192
159
484
109
229
2117
421
181
1514
112
504
1162
566
637
552
706
855
1104
300
368
586
582
274
658
276
572
313
372
433
172
1132
765
792
157
661
1184
746
242
465
392
1229
103
209
246
421
637
736
485
1013
480
359
749
245
266
963
382
564
524
479
474
317
419
796
490
615
320
1262
639
332
1027
1989
654
453
771
167
353
463
466
156
469
475
197
679
368
236
806
605
1245
286
641
163
253
1519
522
542
148
1288
267
264
422
977
252
389
651
175
653
564
294
945
1209
98
243
1246
452
359
787
983
174
330
1605
399
89
466
281
1077
1031
713
339
435
415
452
131
666
211
615
844
184
346
197
702
452
289
281
1311
385
770
341
308
997
218
328
227
307
611
433
373
387
254
399
520
265
322
258
675
260
1152
321
300
203
577
648
1448
1492
685
407
229
198
298
1187
354
1611
837
345
495
103
903
178
842
709
452
665
139
395
474
617
563
232
357
855
1178
284
801
766
466
345
405
515
626
1055
677
818
1702
396
500
831
342
141
590
412
596
1187
2101
977
1274
737
243
304
619
486
268
456
364
338
150
421
579
193
222
825
219
474
413
558
499
320
638
325
338
959
212
108
259
180
108
109
146
578
584
409
364
352
299
369
521
967
1310
200
542
210
1085
1243
738
529
276
324
484
368
406
478
916
711
301
1682
472
577
461
253
303
756
771
496
339
299
2222
522
145
300
326
187
544
936
129
545
243
1646
664
241
434
106
323
216
426
981
488
562
128
619
1285
245
1088
1196
605
566
374
143
401
647
409
360
187
909
747
877
375
481
965
173
281
3061
807
280
195
366
656
414
315
323
1092
857
738
909
399
663
360
159
305
215
412
633
214
565
1410
703
190
317
745
1128
445
1009
676
1428
434
340
955
369
440
666
675
563
90
1078
606
1132
665
628
1131
275
242
408
700
314
246
1876
122
479
129
859
752
439
392
280
277
239
813
115
995
465
64
204
704
885
552
368
319
1633
832
328
566
384
641
2706
466
310
686
192
431
576
206
661
429
526
202
205
2026
167
544
561
576
207
290
579
665
530
915
869
707
486
850
631
179
564
1160
1039
345
232
672
1270
1101
242
206
227
301
705
729
257
475
1498
345
1088
768
1266
286
363
730
648
705
819
176
232
239
373
684
312
799
274
141
593
391
458
638
218
222
1473
174
1285
804
1483
649
607
772
176
1020
349
390
256
231
351
1248
313
424
899
213
968
169
652
1504
999
208
258
408
304
668
379
799
1581
222
581
570
282
486
916
1366
546
673
237
131
256
1487
118
232
203
510
385
160
708
754
969
394
496
608
447
393
380
583
191
319
314
2085
739
2289
263
386
377
607
782
243
139
690
471
551
987
1956
881
357
385
375
410
574
740
266
315
405
969
1469
824
400
1738
809
258
318
244
617
102
633
372
574
526
566
1086
290
315
1037
108
844
540
194
649
746
604
462
89
452
684
815
412
1042
458
614
289
2679
339
165
696
327
712
245
921
308
548
206
738
1100
524
574
210
573
430
699
435
240
245
752
414
444
579
1048
531
1454
697
522
405
588
1421
364
338
298
1276
423
1062
220
251
631
146
1080
1296
292
250
94
657
430
504
1084
170
256
2924
451
992
146
224
931
360
461
683
841
275
690
634
1144
1646
630
464
300
421
219
656
201
179
449
658
292
354
1064
423
470
215
286
436
718
951
934
290
469
1501
401
464
701
80
970
494
211
293
155
560
860
622
759
623
249
810
806
1127
847
994
270
465
328
277
292
1665
423
959
315
367
266
268
628
408
781
274
887
361
773
234
451
251
305
1240
325
168
365
512
1354
820
535
423
880
659
326
224
380
213
351
362
314
1118
945
748
967
1438
444
148
343
879
2012
138
735
229
643
232
639
396
809
189
732
316
734
246
468
398
357
544
264
170
262
431
222
802
1438
781
708
637
422
371
243
601
256
401
618
535
1000
496
1957
340
219
531
260
304
234
358
541
367
1045
564
720
193
588
501
402
552
592
327
213
268
360
213
1638
338
578
632
965
855
203
869
204
97
245
901
611
984
512
437
518
648
1018
883
456
543
394
247
633
754
1018
404
157
299
275
454
285
749
93
250
529
644
332
1005
133
135
1095
494
572
140
216
987
1015
470
1271
978
423
667
1232
1248
295
317
1915
525
596
168
878
263
969
315
242
590
234
247
1306
401
463
573
476
696
353
902
449
359
426
662
534
160
122
1138
711
276
152
311
273
730
368
208
572
279
1247
335
142
1358
583
1031
185
273
295
553
318
177
288
326
1216
264
277
940
1171
671
131
607
567
546
645
429
371
243
414
282
1421
300
930
1007
326
832
1434
172
367
1488
607
821
510
539
517
340
735
1380
753
1200
324
450
429
496
1018
335
319
784
1093
1000
1093
293
652
1202
700
229
886
383
575
1384
105
509
151
155
829
1823
674
1151
717
1209
935
257
227
324
321
988
424
307
2156
977
1023
1099
659
358
1167
195
471
342
853
1249
900
822
189
658
521
1146
767
1037
898
321
164
299
983
1740
546
1638
1025
402
505
467
1247
1000
178
521
891
926
646
282
207
1195
1429
814
762
535
427
192
341
373
133
776
271
937
581
1060
447
1071
145
713
118
876
122
316
2072
402
395
1699
638
699
911
463
266
766
609
199
205
274
382
1155
534
925
1172
192
595
453
303
370
196
137
2227
798
422
1585
1699
558
421
469
1002
356
599
414
1622
187
475
341
816
372
235
198
535
280
160
432
879
578
655
2034
240
598
199
181
412
1510
693
197
426
605
396
248
199
1707
317
766
259
1069
853
357
268
1225
277
528
143
376
770
406
910
144
720
181
223
640
553
117
284
623
560
342
1088
374
897
1193
1168
656
816
1011
330
418
193
291
890
801
1690
387
608
637
349
617
716
104
607
800
223
333
181
242
480
539
953
240
291
256
254
723
231
214
785
610
452
154
387
436
694
410
1307
1159
895
581
591
672
322
265
840
937
665
1273
271
1282
883
288
595
114
1110
451
1464
1140
474
606
706
1453
1813
559
1116
90
344
520
176
1286
1411
731
774
308
961
437
388
241
791
779
1812
198
488
255
372
93
313
99
630
411
171
698
632
297
692
3082
1016
223
213
543
724
625
524
1854
554
587
373
992
66
407
212
472
269
1195
527
535
326
2503
491
471
320
178
629
1519
867
1533
1185
173
361
1150
301
441
154
558
229
712
738
487
200
507
159
955
176
595
742
410
954
260
675
282
802
632
765
673
1132
765
271
326
1137
1471
273
99
267
346
858
572
559
643
672
237
304
700
1171
472
207
1711
195
292
133
409
185
1263
213
317
183
652
322
451
558
588
431
1116
234
514
390
742
395
552
579
622
686
126
834
328
514
657
502
929
632
418
1100
1743
109
1489
458
1181
893
375
299
1086
546
378
628
885
678
864
1008
