332
947
594
827
229
939
235
858
1272
420
1035
1367
206
314
429
785
617
491
315
244
621
251
1360
430
1242
259
939
279
213
868
176
1746
559
565
426
1167
1154
411
219
282
1193
458
829
1636
87
330
583
767
277
693
214
636
536
195
922
2046
270
1115
1222
1259
1576
243
331
343
101
564
428
147
434
1279
1059
1020
312
183
1023
525
424
219
370
691
422
324
1315
884
833
1108
1100
1619
346
297
427
272
205
245
303
293
308
184
479
832
541
309
530
1053
444
415
1106
790
653
1029
620
367
421
329
408
260
612
257
521
1008
295
259
369
1192
991
745
405
360
290
520
549
385
445
624
794
516
986
331
587
287
1048
95
320
379
344
722
297
418
552
1476
314
1202
679
937
241
856
604
229
1333
273
675
472
663
400
172
646
130
1753
830
1062
886
476
192
213
483
2075
344
378
465
242
1127
280
725
1112
402
498
1462
255
915
1594
160
574
257
482
1370
500
2231
343
171
877
583
166
419
578
1852
999
184
217
300
879
269
334
437
696
742
341
673
1449
123
717
582
558
148
520
234
429
729
401
1411
216
3707
584
736
967
638
414
1622
165
362
979
626
887
305
315
196
445
543
1033
328
670
706
296
262
335
1087
344
656
292
470
272
1126
293
1553
710
319
1472
234
211
758
179
978
1874
648
1508
644
305
533
982
439
589
352
754
163
1260
1781
209
923
527
211
368
467
601
444
522
335
923
322
440
968
838
1486
454
325
331
295
536
409
503
320
724
1066
712
109
352
1279
285
238
1078
261
171
934
767
172
309
722
614
285
369
329
794
1084
463
849
692
457
466
211
579
229
280
171
270
457
1371
581
375
1125
240
474
144
1420
702
429
247
807
122
314
287
308
228
1081
467
424
715
116
1191
240
1185
1612
919
139
502
207
239
586
304
1581
662
240
96
1211
932
1659
104
1310
312
1040
360
150
558
162
123
418
711
657
1567
242
500
395
710
183
283
105
477
298
653
289
190
343
1766
881
235
570
311
249
393
173
412
699
331
1227
653
278
1251
151
319
499
124
1871
1164
211
350
800
688
524
1074
762
431
774
148
446
461
201
229
214
2431
1060
173
442
244
123
437
464
1892
676
497
384
237
362
1011
267
511
851
549
318
182
625
357
512
1087
207
396
287
1349
999
173
150
237
1503
3020
396
138
893
976
1338
359
896
689
183
493
379
964
586
878
452
1371
503
283
720
228
404
218
359
303
563
493
449
343
292
2039
561
504
531
214
137
148
1010
957
1836
477
221
299
260
825
247
292
577
179
354
415
574
258
243
360
1364
366
249
2100
871
650
451
308
249
317
153
478
200
1873
616
254
2197
580
254
280
262
673
1781
1289
865
561
479
168
292
572
699
292
473
1017
396
395
244
944
603
358
987
509
223
507
353
998
187
934
473
325
352
1123
152
265
314
672
399
600
993
370
196
198
982
305
668
536
117
360
554
659
279
466
556
396
939
710
261
435
2070
1103
249
359
282
463
295
1561
854
666
901
272
848
421
1406
144
983
176
740
278
943
340
247
1278
636
360
179
591
264
1169
777
294
842
1300
313
364
635
119
295
786
550
464
872
246
214
222
158
698
1081
341
222
133
342
341
65
287
300
973
444
278
407
360
1182
437
326
821
2791
489
394
312
171
677
651
854
200
1076
539
522
194
428
276
894
356
177
226
709
375
313
324
397
245
599
231
207
652
560
254
638
540
201
590
307
1293
206
242
537
271
459
409
943
232
603
444
198
344
264
1637
176
735
1363
374
1246
543
168
205
1770
1630
133
613
668
514
1653
469
360
254
371
389
1390
98
638
1464
486
860
516
2185
335
633
1143
547
430
361
470
1056
395
1681
334
300
339
822
480
595
517
777
203
544
820
1281
766
202
358
433
259
438
383
647
1442
794
769
2150
1446
218
498
172
538
643
1728
465
90
414
245
259
1069
358
452
1137
220
165
482
592
1047
496
413
1114
473
840
676
490
376
368
294
177
688
390
393
419
360
413
231
1798
467
948
419
965
919
1603
184
189
162
245
2162
240
366
1258
1292
118
260
531
270
267
530
242
773
429
180
820
373
330
1003
150
448
537
337
551
898
229
363
1345
297
1381
292
1316
793
1339
1806
441
560
866
800
473
190
366
2302
560
347
235
231
124
154
564
154
509
851
1881
1606
487
113
822
623
520
1191
303
390
819
1249
419
138
1745
246
1083
486
214
92
187
450
1139
446
522
406
351
238
877
524
2269
445
232
413
658
225
306
713
1675
224
940
349
89
423
545
600
330
493
290
1491
775
823
690
118
896
370
2189
96
622
281
412
624
565
1066
257
92
1359
780
546
1723
163
495
327
530
1698
834
527
599
481
1243
259
804
744
257
408
624
1007
668
161
273
858
380
768
481
1687
946
961
472
995
651
1335
689
664
597
614
384
149
123
304
141
1054
999
327
341
493
966
751
308
1539
1322
451
822
196
196
112
513
197
716
253
429
3679
247
501
283
1989
599
1118
695
1348
379
198
168
1979
730
877
612
673
1229
643
270
1054
519
707
1449
1090
185
366
1412
238
1269
334
1335
1025
519
221
154
455
398
433
298
210
414
350
647
444
1033
268
2058
180
210
507
220
901
267
506
906
334
366
300
281
257
483
786
862
563
672
999
322
308
1075
463
374
353
298
351
692
881
268
230
191
202
462
2177
166
753
276
98
226
748
287
165
340
247
489
668
992
1035
160
384
495
802
372
215
95
811
765
435
1983
248
111
739
785
327
315
311
172
503
580
489
962
194
1827
184
516
1118
467
1196
453
562
273
656
1519
566
205
301
938
523
956
401
350
387
394
285
125
258
614
278
430
468
88
293
758
361
262
375
1260
622
154
292
293
321
246
675
257
545
683
812
294
550
194
2042
652
277
157
243
549
376
385
524
850
1700
831
659
196
548
1219
486
304
426
739
314
1197
784
380
435
337
263
100
558
464
493
620
412
195
720
390
167
405
388
605
283
579
660
250
255
1231
315
545
745
209
410
322
231
1857
801
538
338
328
762
210
520
949
599
1185
1051
175
324
428
744
454
170
774
190
424
873
497
1043
236
788
613
646
444
642
740
293
402
296
484
653
179
293
317
428
1104
459
1223
191
338
509
229
249
1037
948
1303
745
199
104
345
932
315
418
783
761
294
484
150
597
761
401
608
172
361
332
156
418
163
155
440
368
332
285
543
333
577
749
690
724
262
1310
900
243
474
189
251
534
589
149
218
244
706
957
312
281
821
897
1165
497
543
442
79
303
557
321
90
786
257
446
187
117
172
182
471
354
381
458
476
260
428
346
1152
1212
1569
1640
304
210
302
1971
1552
789
2188
370
836
1056
472
298
309
660
223
622
732
121
382
322
205
1838
243
170
385
436
256
1022
207
304
392
284
108
1057
334
2183
1246
1011
598
740
490
2280
380
434
447
196
886
599
957
629
502
695
224
661
531
234
495
888
822
212
1420
1073
469
1052
1502
960
838
1244
467
197
245
109
686
1719
739
325
372
390
637
306
875
434
442
637
157
122
711
735
543
769
1043
166
966
540
274
408
1111
912
164
292
667
971
493
769
253
525
220
481
514
570
273
264
505
144
252
308
862
432
1488
526
1841
591
1210
688
617
269
179
335
303
169
973
100
1094
310
358
143
717
1909
851
1235
224
359
163
1134
291
354
718
634
539
255
498
308
288
294
803
461
359
433
624
339
735
881
511
212
539
618
273
337
916
757
864
995
242
431
89
277
326
642
888
802
156
619
518
388
429
403
395
207
167
549
667
330
82
181
297
176
97
149
298
801
1025
662
1432
517
485
1158
263
399
900
534
928
411
299
410
660
310
150
294
895
560
1465
560
1127
236
1310
303
942
686
1021
639
235
800
183
216
1340
352
1265
1206
168
214
348
526
624
400
550
332
714
1406
147
814
926
444
184
711
1200
428
1330
1889
237
277
307
290
231
178
819
444
494
482
507
358
316
538
839
450
120
759
904
447
702
670
387
885
250
416
1320
1191
754
787
628
1205
1979
468
336
225
1021
1153
1211
453
331
1472
333
209
294
2248
197
1143
381
428
1259
488
716
318
461
305
315
773
674
283
232
895
493
340
402
283
360
1140
739
194
141
997
297
1606
577
438
182
126
400
1453
757
356
1303
645
499
621
258
525
657
300
408
181
455
1346
426
610
354
1123
1043
992
461
425
664
438
601
220
362
334
428
478
409
564
414
270
367
649
207
182
217
660
1591
891
1111
669
1070
150
220
360
504
393
1979
707
187
642
583
600
191
518
2137
575
469
433
259
883
353
922
295
496
1365
564
1802
1172
495
703
749
279
173
1317
1206
321
272
857
859
383
328
342
285
465
555
968
334
476
290
1571
888
709
204
497
453
749
716
204
456
311
877
327
393
143
255
266
606
446
612
784
565
749
506
206
131
645
244
1134
151
351
705
662
759
158
460
376
579
314
364
631
239
182
2045
139
469
1073
316
228
1213
772
451
341
632
219
456
291
875
700
475
1594
95
327
561
1073
520
234
708
257
164
189
338
613
702
506
208
632
603
354
717
230
523
203
318
444
826
1108
464
803
208
1080
473
767
295
366
550
188
1431
613
596
320
418
373
790
520
232
157
427
230
1296
596
168
699
364
276
729
136
1052
1002
629
211
154
317
1101
291
218
259
440
307
343
1755
238
559
290
317
385
691
256
200
581
347
574
795
364
978
396
109
1793
540
339
465
748
913
248
920
717
530
436
1674
209
170
640
836
811
283
1041
233
870
159
1135
245
1381
496
1313
196
836
1090
402
264
626
644
258
476
601
634
264
584
432
1112
1068
237
759
