374
202
315
1036
463
1118
1613
1389
532
577
271
1449
2033
1730
2050
2077
434
3720
117
301
2580
2640
569
421
1073
1009
884
1432
276
393
976
1604
778
610
628
309
455
2282
1090
1030
230
1022
1785
1444
3722
538
978
2062
709
966
230
338
145
820
602
469
441
1080
412
593
372
999
641
633
660
731
386
389
803
702
1031
219
848
403
1000
248
469
364
1670
489
2419
881
213
420
237
2890
356
1216
1357
468
223
239
582
603
783
375
894
302
424
596
670
759
721
446
1080
205
225
146
577
433
307
1245
1652
579
207
139
1375
436
168
1263
269
2649
407
159
1211
1011
630
2550
195
499
274
479
509
3057
363
490
175
798
255
964
1254
541
1089
1345
342
968
295
239
1372
217
671
860
363
605
539
569
2386
261
3847
335
318
4900
640
1651
872
964
1231
267
738
1043
251
960
957
353
575
446
2300
213
162
598
1727
975
1229
787
1239
806
276
521
863
1293
644
459
698
1065
968
313
548
258
502
1037
1018
1283
1720
671
218
1165
1141
279
2119
2280
1834
251
2182
1527
1066
559
1394
1688
543
419
344
3749
460
351
532
195
329
330
595
1293
471
416
680
395
506
1016
938
332
351
711
413
942
241
433
2630
575
707
477
865
706
611
2061
1924
432
2368
1251
820
1844
3216
675
247
260
189
1706
552
4097
882
462
1325
631
1074
618
569
341
201
1384
436
2869
1365
701
379
265
207
1237
550
861
530
278
2105
112
140
854
474
875
533
1284
194
4310
260
363
292
211
641
364
1062
1325
137
327
859
219
467
818
215
364
2023
608
1020
250
653
1048
143
691
894
1569
470
327
433
368
528
261
848
955
1103
629
412
250
433
704
417
312
1325
575
390
336
177
150
595
226
866
1237
580
109
710
738
879
2063
6499
1308
644
447
671
730
282
376
2655
441
393
820
4252
590
720
1059
191
147
427
614
888
592
2190
9607
958
522
701
5875
333
402
404
276
566
582
989
5091
954
398
485
160
1287
234
1474
328
674
1441
837
279
310
705
1838
4364
502
1212
283
696
640
285
1011
565
648
416
602
929
265
673
381
800
1336
242
205
298
381
618
728
583
1086
1019
365
328
383
362
686
480
2277
731
1386
1705
590
665
1095
976
890
167
578
339
419
469
1158
640
2992
283
1844
845
674
1261
2454
970
702
232
779
2746
412
524
739
1901
150
2011
401
1457
1227
203
1423
1796
523
521
1759
149
680
571
339
139
436
1665
1183
374
1419
225
710
698
319
366
1317
655
240
241
623
420
223
745
608
735
867
934
896
233
237
163
314
747
976
1623
731
1247
404
3120
1721
976
615
541
908
338
1663
1665
856
187
886
901
272
903
169
316
403
359
576
367
950
432
397
1167
900
311
1067
823
468
2585
1252
525
327
2048
302
1382
494
253
431
1421
419
577
936
754
475
1293
718
328
243
647
637
472
1252
2516
728
378
1470
969
1158
284
113
766
759
277
593
489
516
653
334
330
1148
617
490
739
230
293
582
812
422
479
1044
245
500
460
175
5306
831
574
890
600
901
322
254
433
690
473
489
678
725
545
160
797
2674
371
693
604
1497
333
1230
455
589
1221
1658
533
740
1363
762
953
1134
419
130
1440
2153
1710
846
1095
1370
266
6454
436
1340
1528
852
1722
1562
1018
839
296
438
256
520
2280
333
514
562
720
1133
1111
987
601
1484
1285
600
2793
277
3413
320
473
416
197
790
236
383
233
402
331
422
793
608
446
600
202
944
462
1326
1563
602
1723
157
375
398
1012
201
1643
190
2089
216
506
581
942
267
3835
1469
395
964
987
308
344
211
270
2726
551
244
617
809
1362
577
418
286
249
1328
790
491
335
618
602
384
445
337
230
1414
215
142
195
180
512
745
825
1061
702
314
290
2561
1276
329
830
759
225
632
473
342
1721
1917
433
514
1542
757
402
786
1049
2058
414
1425
1622
4828
394
871
420
140
880
363
585
694
785
792
597
278
780
224
643
312
1235
992
597
306
250
395
395
463
229
630
1460
1140
412
1208
284
453
447
1876
531
294
655
462
286
698
662
416
1208
2500
3695
649
1669
1081
1407
242
1649
543
205
1350
639
596
491
334
1108
1695
686
143
1286
377
2060
819
566
363
155
320
233
885
1003
387
597
356
355
858
974
788
783
214
779
447
1066
1275
368
358
296
166
469
1061
819
3997
1520
457
172
1662
1689
552
524
233
679
2799
146
388
667
157
915
853
585
1245
359
3468
1024
1590
597
321
443
955
681
622
1413
1166
592
897
798
540
3761
130
555
122
169
630
1221
938
570
791
1192
444
1163
2987
824
546
1790
296
237
978
878
806
557
760
1468
1417
4668
264
1915
345
523
882
410
347
669
646
308
597
476
264
409
702
319
300
1991
258
488
664
267
932
760
330
357
425
716
237
1071
805
532
744
1028
471
1112
454
1165
501
1351
2014
421
244
159
547
219
778
449
426
595
559
953
335
453
402
750
1894
2683
429
669
1648
176
259
488
264
274
455
500
3932
960
334
128
334
1769
405
275
319
276
976
605
197
389
271
848
245
395
350
417
506
893
713
325
401
744
1624
298
3078
1087
3096
936
300
1123
1256
839
555
287
315
283
195
279
916
466
2114
307
1307
1815
374
128
333
1391
1585
415
876
378
2117
2106
850
393
202
666
523
265
625
553
332
733
627
501
395
667
486
2566
1006
1156
659
2368
972
2501
2791
769
334
425
137
728
363
605
406
1001
443
564
348
264
1656
439
211
312
1885
836
655
205
447
2670
1019
312
759
1399
1112
983
273
133
1010
819
582
2521
388
1053
335
469
480
1054
433
394
204
454
614
202
994
287
431
398
382
710
664
846
356
343
823
382
388
538
637
726
1076
1270
1087
1426
470
3299
1988
958
675
225
344
428
522
852
650
596
239
1177
402
426
581
2546
241
388
209
377
1899
1970
1471
6501
376
402
199
547
907
271
418
263
584
1003
537
369
491
1345
1176
158
379
205
269
1180
330
236
465
966
1019
249
457
477
361
453
771
359
405
327
168
3533
365
1019
994
1020
172
1825
679
258
673
1117
356
685
815
691
318
3234
666
1493
3232
604
570
139
494
429
972
1621
945
423
248
839
512
1424
1254
552
2908
408
3765
1027
339
273
248
277
866
2962
1453
527
2129
303
276
313
1027
700
437
304
582
744
812
462
565
214
366
569
962
210
3071
1214
844
607
403
2008
570
565
565
3272
1561
333
782
400
925
2768
1770
2088
205
995
371
2130
1277
190
391
458
1949
233
2387
252
306
772
345
1644
206
679
329
315
1071
340
1878
1016
1028
727
6061
3064
553
759
568
507
486
823
304
496
401
1690
2150
1366
951
536
892
625
941
589
216
612
2728
1331
411
420
342
860
232
510
3908
1160
307
477
319
323
821
578
1116
994
625
1260
2266
220
1309
2614
831
2059
311
359
1172
516
389
493
625
191
369
795
959
1242
296
384
1201
1419
151
2271
285
796
1177
701
387
97
712
494
615
376
417
599
336
2498
617
770
619
351
1864
1267
3152
612
814
157
159
468
336
207
1157
2061
581
480
290
1105
1790
253
331
1595
943
187
447
430
247
360
297
5489
324
1173
432
1079
422
309
208
845
229
841
215
1586
132
1646
541
616
896
4835
342
252
1000
249
314
286
622
146
473
1016
1400
224
564
1393
851
692
896
429
697
393
3322
538
285
158
1484
887
468
339
169
767
3760
538
548
238
109
170
1440
517
1210
990
613
1335
160
1324
473
306
350
856
95
1568
170
1354
447
1133
1710
392
409
429
3860
4313
3115
641
1049
1200
1366
484
796
907
1230
615
1559
257
1028
634
336
991
674
468
344
254
2030
516
1385
773
473
374
1022
691
836
169
645
301
349
1344
564
2404
605
473
1313
1194
378
531
735
320
474
967
513
352
894
389
463
170
326
225
448
641
1526
1962
324
1572
1237
992
857
304
1153
191
308
81
699
2995
305
411
1068
2170
806
1204
85
378
3407
518
140
616
354
513
978
888
366
497
457
2164
3377
357
1322
314
1124
384
877
211
530
2120
680
526
2293
695
444
1022
296
1179
5962
717
1498
977
323
2187
881
1317
187
1176
284
1269
1452
939
133
308
2627
2244
626
352
257
201
303
2848
734
859
575
551
230
1445
554
519
496
651
495
1250
1736
846
223
797
398
407
226
622
363
499
477
314
1387
1338
3091
895
321
1531
540
757
216
420
373
384
804
414
188
458
743
1616
827
1165
607
383
1611
1205
801
1462
2158
564
1022
521
804
737
1707
298
1045
367
675
442
1414
1260
896
674
1066
1569
849
541
529
419
546
1550
665
1426
259
204
655
371
381
908
937
566
345
895
270
803
131
656
241
189
227
322
501
387
825
3539
162
1102
1137
891
189
1664
1397
542
430
1573
404
2162
509
1229
1657
629
491
1097
1106
221
1613
708
572
877
475
440
492
665
140
183
708
734
3059
2454
559
4521
221
933
611
1002
382
1032
996
744
566
422
3287
265
1751
264
650
1549
686
3691
162
907
639
6822
606
132
721
356
568
472
2014
787
1159
763
1106
1704
364
841
401
1685
227
258
653
607
1903
1145
182
571
613
781
1013
1033
323
1205
363
475
276
1388
4180
753
803
1095
827
301
460
597
1354
1786
850
781
345
3282
418
515
286
457
657
577
398
640
1352
260
474
406
994
987
396
311
675
667
4304
2914
1313
571
354
689
531
549
435
750
832
163
1055
524
4317
484
518
752
1676
302
410
682
355
6228
1757
244
808
2043
144
390
2663
1452
372
139
286
2159
150
236
1225
335
378
368
1452
141
1777
975
292
1086
538
308
447
229
305
763
823
670
233
914
811
1575
992
4282
254
987
322
325
404
2165
606
323
1764
714
1250
301
345
276
557
1525
124
132
345
609
658
411
401
680
1062
224
650
698
879
2294
1020
1053
960
655
1004
208
375
191
447
171
463
837
269
188
860
934
1407
337
430
2525
344
2379
179
688
354
1363
849
2337
381
365
172
314
444
1428
715
2560
917
2640
511
566
284
516
4960
214
1015
1235
1289
2652
632
296
361
399
305
1855
1273
468
557
638
486
264
583
6948
778
4843
680
486
318
577
977
523
476
264
1692
272
767
294
337
290
281
1382
527
363
227
731
159
448
373
281
2513
912
424
466
490
165
293
910
453
233
200
727
1277
844
702
225
1035
322
4433
287
700
928
5077
207
192
338
344
595
2053
303
1271
282
1348
170
275
301
263
675
2626
264
1467
831
1356
736
228
694
655
1537
222
409
775
188
470
847
380
732
730
544
202
653
182
985
2061
233
508
1179
1397
2532
439
202
1053
264
184
524
927
497
182
295
2374
205
700
154
589
745
505
292
333
570
732
1100
646
390
1453
210
1446
733
566
231
148
1598
3766
844
883
626
4179
688
1282
304
1535
779
204
474
490
513
573
262
2108
458
437
585
1463
366
1356
858
260
120
385
698
423
339
2516
1073
3324
1146
662
682
1204
199
304
665
1311
206
141
1500
191
865
670
632
4981
1053
514
580
324
561
242
481
564
466
883
423
704
241
763
324
739
4766
1182
176
642
3587
318
473
499
1032
510
663
903
744
194
563
489
920
1115
2794
334
316
357
806
1263
349
727
144
371
1078
415
3159
3659
229
605
121
2063
690
2235
329
550
1811
317
2578
301
325
403
1997
1552
2031
511
1217
884
524
696
202
806
510
1464
806
328
820
332
379
636
153
615
172
846
2538
485
218
474
618
521
1116
719
1462
455
201
132
412
174
727
492
366
685
1231
270
584
351
395
816
165
285
483
447
416
398
391
303
346
619
544
579
673
915
1458
428
238
892
262
442
582
253
928
1657
407
848
1097
653
1233
1525
347
1441
389
662
806
657
741
458
621
427
420
225
912
543
950
1765
4724
1639
768
818
2237
518
797
1198
344
760
499
854
549
807
1097
2718
680
1226
347
592
1286
494
279
561
1364
1857
1236
486
415
434
1886
573
314
350
598
225
2825
817
809
517
680
505
813
786
601
679
2042
556
1800
1419
1987
286
966
2209
118
616
2586
746
177
1010
950
124
630
222
503
5672
641
2131
664
3533
677
303
2877
519
276
254
567
521
1611
1803
817
620
296
149
273
447
781
1045
1509
716
300
1267
293
598
298
465
105
1235
340
2273
502
681
327
454
305
214
325
232
302
247
259
3326
181
516
256
176
252
287
391
526
416
369
1112
526
2760
501
549
1056
1006
324
333
490
404
1390
730
428
1389
817
607
327
161
1144
261
375
1513
557
941
279
1034
714
710
770
851
329
292
1427
2976
995
531
414
648
292
2638
484
882
193
1071
486
1762
3698
1220
1224
101
359
467
1886
800
951
312
1067
372
540
1462
1531
4353
394
223
475
519
1149
1129
1041
891
628
361
457
1471
955
152
658
3172
236
578
369
284
219
158
922
587
628
1870
523
446
499
833
476
717
2585
680
892
278
517
1861
1598
1167
854
708
309
204
1275
926
1102
932
3777
6408
1251
1063
169
803
956
446
1729
329
1279
1722
276
1019
1342
359
687
1085
331
3677
429
159
578
1333
761
416
890
210
536
1480
325
434
157
842
296
311
704
782
254
293
1307
692
852
4401
846
5536
961
539
3815
1023
246
258
575
832
429
720
199
374
157
207
2089
2956
422
2740
630
495
770
946
251
1605
658
427
627
285
588
620
263
734
315
1180
556
663
447
2639
2474
636
402
439
1483
729
1479
338
256
769
656
324
1752
842
705
525
1235
1524
741
553
2167
691
493
2581
182
1990
3776
657
451
248
376
235
924
242
336
1126
2114
1044
231
1593
803
696
909
624
694
390
784
983
709
391
152
501
172
447
1501
498
601
653
6596
342
2506
387
892
1038
368
322
958
417
386
351
1723
377
788
982
308
1540
5035
710
659
306
1377
2340
373
886
399
452
529
1572
212
512
959
513
458
4012
505
944
197
752
564
432
618
194
666
1548
3508
850
4155
251
428
434
235
314
314
3566
559
336
282
479
528
872
416
2197
145
942
661
656
276
177
678
849
811
167
1082
1692
1323
415
444
1361
454
262
909
144
407
357
964
942
268
372
2027
460
618
1560
3501
786
209
803
289
363
233
525
206
674
385
1146
1261
512
684
911
877
365
307
572
575
1099
450
2034
927
3623
509
1005
1383
973
2555
1271
660
647
259
660
500
214
2387
160
1896
463
3727
1225
953
1199
576
324
2951
157
1365
240
133
457
1116
851
766
547
526
4641
970
1015
1130
175
869
185
1331
128
474
466
412
551
142
182
1400
319
439
3535
1504
239
544
533
413
394
1025
866
234
278
649
427
465
373
296
895
345
841
343
275
371
1098
2349
2590
304
1599
1398
904
367
386
565
1777
1123
367
971
774
336
424
931
309
494
620
1456
1169
194
766
691
1300
923
643
786
945
661
381
333
1765
370
848
754
1245
1393
395
1038
329
249
1691
463
2578
250
901
2226
398
343
561
558
484
1318
968
758
1712
364
630
500
629
303
543
704
220
2199
656
1643
550
1023
419
7752
2215
311
694
634
668
1148
652
1136
554
587
216
702
607
527
1013
223
427
486
679
227
569
3486
537
375
501
623
238
1216
1757
524
449
853
1068
1550
328
1053
550
271
591
520
1878
1065
2330
162
596
591
515
325
1028
346
410
2020
1516
477
246
1557
3159
2338
491
397
407
248
254
1024
458
191
712
258
524
316
661
614
1884
602
232
654
261
1073
4634
1127
525
1729
506
264
433
312
3737
280
271
624
400
268
1019
1039
598
468
426
3515
139
262
1516
1613
449
354
549
400
412
604
822
871
233
670
618
692
569
1223
961
2896
630
405
599
362
213
1381
1756
499
703
1194
506
687
3595
489
529
355
2377
601
3420
287
851
226
1017
457
1022
234
457
1085
1226
340
395
273
900
515
133
486
394
360
1849
4320
525
1653
729
1078
411
485
2696
1484
280
1920
126
893
610
1357
669
283
747
376
669
318
606
1261
967
393
348
120
305
301
3343
2624
291
416
439
393
135
656
1427
4891
1368
268
802
1239
267
362
1303
368
446
953
501
459
105
1051
343
488
609
398
1455
667
865
905
6591
389
735
5897
396
481
2017
2431
284
438
1037
315
814
670
763
259
464
545
458
612
811
242
576
423
833
351
359
1219
257
373
2602
386
910
895
757
725
899
1695
574
192
548
888
190
414
705
907
813
569
1314
203
194
516
578
310
306
400
1762
339
405
741
1199
367
497
1004
1229
1049
210
579
380
277
958
936
1752
1937
188
255
996
646
1345
1457
1028
600
787
809
3196
323
1534
427
166
443
339
395
306
6514
715
1105
178
1770
310
850
522
1260
560
3342
428
832
605
1002
1306
804
381
1339
935
1265
199
428
658
584
409
495
202
186
2948
561
978
1795
845
737
869
1578
968
1299
444
380
328
1721
708
244
1775
378
2156
1691
3377
644
1365
826
1043
824
149
613
2082
1254
302
329
373
1349
307
583
759
1017
417
490
340
560
702
581
628
319
423
704
767
767
394
152
1477
1717
223
261
252
521
1720
2280
1717
6826
302
336
645
692
623
617
630
917
149
580
780
397
2548
349
241
292
405
1817
1046
348
1157
571
315
564
410
749
1020
917
1608
453
229
837
481
408
3716
812
971
1628
480
665
497
583
550
1187
616
440
465
554
988
250
887
315
568
651
575
1593
1983
432
1363
2061
526
3097
513
408
694
312
225
685
336
661
2452
1050
791
166
310
346
644
3149
417
587
211
1251
230
1625
1842
983
4469
868
813
1392
1387
1439
748
678
750
1200
1188
462
437
758
251
922
393
556
586
677
314
3651
280
989
504
2094
369
1492
371
830
292
545
733
1937
3299
4969
619
520
274
311
1670
343
374
889
1172
866
914
374
436
701
1013
381
523
105
650
296
1103
318
1019
556
331
1871
924
456
4853
254
428
581
285
1319
447
1256
220
711
328
397
773
8490
318
980
856
212
1427
499
121
1294
229
958
451
1933
396
3657
365
1226
316
366
313
584
2009
1121
642
360
1688
903
346
286
557
503
863
475
2257
689
529
755
280
404
434
564
744
1481
758
506
1028
625
341
608
581
443
288
619
642
355
1822
794
1110
2553
1227
223
328
423
671
259
591
312
551
479
801
1031
911
677
3124
493
402
282
381
1268
336
423
449
389
1676
170
6081
321
272
1051
461
506
614
903
555
1262
476
1550
631
819
425
617
438
324
298
369
5671
566
405
716
785
973
377
192
1281
449
745
680
850
1521
672
645
370
1132
401
457
219
894
624
428
1471
1990
288
141
804
832
468
1150
225
1034
3356
952
742
819
145
1098
454
333
272
597
613
510
860
161
492
97
1034
610
1059
1269
660
864
640
274
593
278
339
1340
817
197
538
895
2268
2027
1522
265
575
500
1318
125
531
1577
1653
268
1078
1909
164
625
733
342
431
5205
286
507
1950
601
222
295
429
2134
164
682
721
328
1577
552
194
191
539
1083
290
500
2147
353
464
713
499
1313
194
816
1203
1180
278
805
958
1470
344
116
322
295
266
1142
199
383
1559
1020
428
481
802
326
409
808
658
1052
1403
477
103
859
400
173
293
1256
320
279
894
1211
471
441
482
1394
210
1387
306
530
2330
132
931
901
1008
108
154
942
708
351
554
405
315
386
1931
516
331
513
896
1031
481
1233
299
203
468
619
138
360
916
245
473
477
656
775
940
612
520
246
347
922
411
1125
605
2001
519
2761
1007
178
665
278
1835
705
466
186
1288
267
90
282
280
573
657
619
941
290
896
649
238
245
1173
735
1147
606
238
1113
207
585
1175
675
719
1103
1303
940
1001
308
1224
689
226
865
420
777
1983
784
768
745
282
116
535
1105
1028
273
645
430
1488
1156
153
374
1129
999
524
633
1547
488
696
914
429
867
104
1105
436
473
832
322
384
103
265
1112
610
135
1552
294
621
319
447
1155
760
161
2095
545
897
1260
3378
208
307
666
403
1682
413
237
546
373
836
1246
452
512
280
258
183
831
761
1558
923
434
196
317
681
401
598
333
844
182
692
341
894
441
1048
652
1304
357
805
1295
252
505
170
699
274
289
312
1163
262
863
593
701
613
596
265
486
561
773
2261
165
304
806
528
744
886
334
467
949
307
265
1206
425
202
430
855
176
1247
166
155
599
406
144
955
446
386
2692
1328
2162
430
599
861
303
139
633
1317
1698
621
545
415
294
887
536
336
339
624
3571
450
976
1385
467
3061
1094
486
314
276
1488
620
269
823
232
745
1480
629
1772
710
1738
329
573
506
1413
990
197
441
2262
627
502
846
855
159
1053
698
259
602
1274
4000
363
863
587
1896
1354
3661
292
332
469
755
192
459
1224
842
2051
212
640
344
4215
1122
734
3559
221
212
2048
608
388
604
1293
432
1414
342
257
339
467
1009
2187
491
901
241
2533
487
1082
737
519
866
331
409
1434
669
1826
372
1268
653
279
165
274
1015
1406
1463
474
3951
661
468
1302
466
5148
434
1069
509
2054
852
516
330
801
984
1120
850
1303
1235
271
305
1345
560
392
200
734
94
1306
2442
318
1350
2395
348
675
524
950
406
562
398
900
921
603
733
1441
431
772
158
946
1619
911
938
203
148
848
367
1342
616
4639
996
691
833
324
1238
728
1267
4575
381
904
1351
702
915
173
1293
545
487
1578
1069
378
147
1296
336
1306
361
1264
407
1662
726
347
1031
925
1825
488
355
629
440
280
243
989
539
488
205
337
589
1475
350
807
311
2262
1162
1388
1738
306
689
1250
231
546
604
262
615
435
637
2290
710
975
1512
248
643
125
285
118
469
302
820
1095
100
2906
137
385
649
402
484
405
1471
170
2323
313
345
2363
2445
900
2704
3595
612
149
1028
463
542
280
292
1786
403
545
964
599
674
324
910
751
126
194
118
1327
461
923
1222
2533
172
882
532
185
1194
1064
1677
1081
553
514
779
794
2407
1587
681
2883
209
859
301
735
3909
1488
353
354
283
234
396
733
1417
721
190
374
228
568
394
3676
593
202
501
582
1972
811
252
333
1041
581
1220
1494
881
628
238
1829
400
233
509
312
3792
423
435
389
130
155
409
582
3219
599
552
520
300
157
620
788
1227
353
153
599
654
280
273
4243
302
469
452
4727
663
1183
213
636
273
746
1757
1046
582
572
496
404
199
643
268
190
299
277
840
153
192
163
1379
887
810
193
2678
163
355
939
819
277
543
454
677
795
358
1965
1358
2027
4218
603
1850
369
285
200
570
920
260
117
235
156
443
2137
215
236
443
553
864
318
369
346
357
356
1439
752
3333
195
809
738
550
549
333
186
2191
273
1491
636
476
905
297
497
1682
275
719
453
472
1282
784
543
741
496
594
587
1028
322
779
2118
196
287
348
5084
1914
443
460
2864
1649
256
360
443
561
1280
716
851
484
264
362
1254
382
234
229
2207
327
2790
2375
718
687
406
316
1167
379
896
630
748
3192
167
1293
384
498
1136
730
1736
734
2471
951
534
548
263
375
543
736
367
1043
142
678
212
710
623
280
929
942
810
1164
621
867
387
695
533
982
625
690
1330
955
1298
1502
172
429
685
789
968
415
574
1381
1264
773
1001
840
149
378
1886
556
571
491
367
978
1188
2216
205
177
3493
1034
4538
914
380
580
458
683
1536
600
1993
367
179
966
1053
330
317
660
753
201
512
383
526
825
1730
1179
698
2275
1116
1124
921
425
3240
375
793
890
1668
1098
495
784
587
1007
949
583
632
377
363
1399
970
314
1407
323
706
313
583
187
1154
490
199
335
824
241
443
372
239
829
1167
689
263
319
1578
583
329
1140
850
742
229
240
916
747
4033
121
181
1581
288
638
310
329
522
604
279
1017
273
1387
1791
293
253
450
1640
312
412
554
1300
1343
1473
492
571
450
5166
1408
2675
212
569
1354
557
493
429
113
369
266
355
579
1119
796
545
274
866
488
660
176
203
175
425
188
360
1558
1168
636
178
412
810
614
1618
1914
1281
1247
337
567
610
1235
316
388
372
224
143
1829
611
1025
299
635
281
215
606
1323
979
652
226
939
396
935
1731
1136
729
528
951
455
479
955
340
1018
442
1134
518
894
1774
1236
203
401
213
605
159
749
718
707
702
954
1172
301
1758
354
337
8012
1107
1073
470
1421
578
739
443
388
1433
652
579
219
303
1947
528
366
381
800
644
1234
656
1881
1325
640
252
512
1773
619
286
128
511
356
579
4358
169
864
501
145
1077
130
550
702
1191
884
1199
751
1937
434
646
240
1057
2805
579
410
368
416
3302
2793
423
996
262
1192
1571
1074
536
1420
749
201
267
699
649
993
959
177
503
986
696
1280
427
894
630
1727
344
2476
315
286
756
549
1104
360
493
598
250
301
438
2144
600
536
503
1363
450
714
124
2987
695
265
438
415
333
497
2401
784
779
357
902
1433
344
1000
236
202
214
398
1693
740
855
250
611
672
274
1437
1313
1112
283
988
1325
1469
192
373
979
531
1251
349
272
2613
460
390
224
1947
888
417
465
600
606
3032
641
258
369
235
371
6985
1029
776
813
416
515
220
186
644
118
2879
377
623
781
648
786
368
372
299
1199
706
242
402
598
538
412
253
664
211
287
2969
523
385
221
475
195
1171
727
231
1631
547
742
755
715
332
392
249
909
262
1213
623
944
305
462
475
776
526
319
323
803
3826
961
804
265
362
1281
664
556
286
1338
715
652
842
242
768
632
846
143
242
3723
264
867
87
1087
438
517
2323
1561
758
491
172
1694
367
803
946
542
3790
2508
317
414
463
657
943
2029
3318
310
420
258
1587
751
1176
821
894
1448
956
286
1228
459
337
627
370
1244
514
248
459
386
732
182
224
1253
151
941
495
500
881
227
288
244
2516
1656
461
848
1331
877
606
1664
1199
346
601
2496
374
1362
503
291
412
371
415
649
479
340
421
412
117
508
1006
388
1797
179
403
362
812
275
572
1224
343
443
379
497
423
480
521
436
2564
492
2945
992
637
700
918
137
301
690
763
1265
706
377
735
260
740
544
747
428
323
627
592
2405
278
1142
2984
549
403
360
302
647
1415
297
268
380
908
253
823
1023
298
246
826
1392
244
1000
504
191
467
545
432
325
1035
1898
3129
1093
1555
1438
399
199
264
580
305
289
737
1529
1106
528
294
1401
1226
288
120
404
1236
1353
185
1031
751
122
400
863
795
150
458
1264
359
495
305
4190
1145
953
1299
4575
443
606
335
1872
1407
541
99
169
1392
812
493
3760
357
574
612
1193
560
918
550
1199
848
645
325
1154
552
1657
390
608
1751
567
268
459
712
248
426
445
909
1045
321
1086
3748
513
524
1182
906
770
329
311
448
1054
364
578
268
1314
364
348
1334
240
366
596
411
591
365
515
2139
295
759
836
448
604
988
1081
518
176
306
835
985
375
4471
881
1025
116
1773
580
442
1183
2836
1101
350
131
1831
708
943
325
565
1324
260
1864
524
870
520
330
573
384
2639
908
858
917
458
680
454
1122
2018
707
623
214
610
296
1503
878
2023
784
1127
559
1133
544
622
460
187
329
1192
658
497
400
3758
155
700
487
2713
362
341
368
376
992
501
3457
419
452
746
778
446
978
1051
1055
2265
300
310
585
233
1430
711
202
1504
1850
898
557
978
613
710
143
581
817
395
1056
870
1334
551
419
2224
331
660
211
356
206
132
903
342
1856
257
1118
594
801
270
1446
1843
1392
429
728
400
466
1372
121
409
191
1117
1490
435
226
228
759
389
2419
438
190
1139
399
251
224
1809
1146
890
689
1297
701
549
1830
186
609
2342
568
3688
382
256
923
238
283
564
303
510
546
669
492
289
1522
688
1004
593
1248
246
259
2039
547
509
623
570
1102
723
448
661
500
1973
649
198
203
1158
759
662
4039
222
507
663
3323
111
2503
120
532
1514
684
1104
1453
1420
3252
1392
420
501
2071
509
298
484
317
443
286
430
3231
684
594
335
469
1013
596
742
1694
372
402
963
942
2050
573
484
935
330
530
940
1656
515
600
239
1744
1284
198
580
533
658
2112
489
1171
189
599
2683
760
546
779
177
605
406
561
629
1416
410
173
1296
792
341
886
847
2336
2312
531
3461
529
491
658
415
619
794
429
395
1704
777
747
1564
3162
692
473
476
581
929
471
700
328
1326
1527
463
592
208
126
575
182
276
1045
242
417
980
1833
228
257
214
453
1335
830
525
2952
2207
1380
1102
403
655
633
817
1212
497
236
481
607
591
1910
471
533
172
363
114
1461
991
486
1407
438
422
1690
1407
4605
2586
327
234
250
598
371
1008
123
193
805
870
213
282
641
817
645
265
1207
297
1570
422
517
372
2980
286
231
1927
248
691
800
932
685
831
781
421
396
265
3255
160
1196
766
1225
693
597
1197
430
915
980
1003
297
966
448
194
971
779
734
405
310
299
329
1129
417
411
216
1171
944
861
2294
4342
1056
142
2389
652
398
368
502
1186
374
1373
752
3818
421
421
1036
915
320
410
514
365
585
885
704
446
381
529
604
857
760
312
836
283
381
689
221
216
619
1250
240
493
1085
434
513
2732
1418
244
344
2685
2862
364
699
3640
185
1380
1011
352
311
2039
560
371
1065
739
657
228
520
532
259
545
407
273
572
501
259
619
290
187
2209
672
1143
108
507
349
783
354
753
1371
547
197
1233
199
4712
1510
468
1283
328
1908
593
1278
621
142
1344
1057
234
328
1458
497
661
1796
2624
558
575
1205
481
517
3289
986
576
295
872
386
2809
892
196
466
3026
167
1324
574
233
931
1514
2584
1420
244
277
1093
621
1454
1185
280
244
812
1007
182
522
2052
859
1471
355
287
958
144
1932
683
371
653
639
729
589
846
304
1741
2543
296
151
728
6273
384
3073
206
992
4540
405
941
5208
347
703
1936
1508
371
712
478
1973
278
157
783
674
171
298
375
4529
321
378
852
1338
467
1691
967
948
1647
1024
177
1175
706
1023
513
1273
517
653
1043
450
1016
299
632
408
450
4714
688
662
1857
641
1220
331
532
880
461
520
310
143
124
1584
555
445
2556
944
163
145
2606
344
1203
1405
515
267
981
792
705
1069
192
200
371
599
198
387
399
2086
677
2429
280
223
172
593
612
818
434
391
756
1753
518
540
1048
764
1056
710
1650
822
387
1142
297
224
958
554
722
1575
305
1012
362
1234
345
891
219
1875
564
255
414
280
1204
678
796
430
465
708
266
123
352
585
422
472
628
845
263
611
818
512
1191
1131
460
491
1198
362
750
3038
1757
205
6241
240
163
1799
876
1012
1091
469
384
566
276
365
502
359
774
477
231
573
761
1180
1676
2640
510
281
517
432
289
688
436
194
359
354
279
368
542
396
520
1612
1898
316
511
624
320
368
266
632
412
2905
297
322
513
6085
1168
216
128
1041
273
576
2429
404
341
2042
128
3675
387
723
391
383
607
270
309
280
127
853
238
832
2010
1424
1350
1036
7075
532
935
386
319
1714
488
1360
358
688
1006
630
613
317
349
248
401
172
332
939
1249
371
749
282
638
1659
468
2412
714
715
416
552
2993
546
397
1110
126
1172
578
471
842
773
1712
269
652
1338
213
272
949
626
270
1146
524
1166
285
401
305
373
394
253
750
801
3582
962
192
1876
333
168
420
260
527
1009
883
946
729
1274
855
566
657
213
431
340
5170
328
1223
632
397
666
218
723
894
171
425
1037
447
912
356
586
647
519
1058
3245
645
436
579
207
6473
316
1588
596
781
924
267
236
193
475
1482
517
2586
391
345
2756
368
810
535
843
2359
1195
475
927
517
1142
720
224
162
1051
576
338
429
619
692
1629
289
1015
264
2212
494
1223
1045
398
781
265
170
264
553
614
807
787
1269
1042
684
695
411
273
415
581
547
717
1502
458
1482
979
3921
827
3025
388
169
328
119
2257
231
311
2368
3172
365
530
2708
577
873
1080
592
642
739
207
437
1425
677
618
509
3904
441
5066
332
1378
538
580
848
134
3508
1859
382
845
1260
543
376
479
618
382
1432
971
227
1865
535
221
1227
628
553
673
557
260
369
433
686
931
450
247
146
609
826
458
5484
1182
206
1179
2033
316
2731
447
122
506
4605
1455
376
954
1931
1010
846
1846
1748
456
856
268
441
348
380
329
439
280
661
409
722
1111
166
929
353
857
429
596
165
663
658
3339
323
343
910
483
349
472
2005
717
569
2227
339
1463
222
553
584
180
238
535
1193
775
406
1971
420
564
451
396
557
542
549
447
260
1281
615
1690
146
504
1000
1390
1889
322
3066
324
705
251
253
551
569
1259
589
733
1690
1103
547
633
1251
1583
1739
804
527
150
1052
325
808
928
497
391
643
825
441
413
1013
5310
2835
455
817
621
366
1453
895
1694
1030
179
579
201
1834
1148
1476
3986
729
370
379
431
1071
186
170
1064
398
948
316
2665
117
171
841
190
558
4161
689
1741
283
160
1943
281
382
421
698
461
599
456
357
388
1809
1492
478
1059
1051
1449
317
915
704
1602
1285
1164
1511
1820
747
759
342
330
339
546
632
492
337
146
334
321
739
566
642
335
500
283
660
413
196
488
1496
1413
747
257
526
182
843
525
273
796
673
260
193
770
444
1235
1390
714
230
344
264
412
862
432
594
897
373
254
579
517
1252
631
2120
671
453
671
690
246
346
374
431
303
1144
355
1986
336
756
322
182
4203
670
947
1362
289
184
1120
252
1633
342
1476
648
2006
537
327
570
2089
325
130
400
450
545
294
315
713
637
291
473
523
3411
841
219
269
247
1033
384
784
868
256
1081
170
570
2502
1461
588
1157
1120
566
962
527
307
1260
652
1172
1624
175
477
354
505
210
714
423
2137
260
1803
375
1108
211
412
738
1306
443
607
1294
784
126
399
2612
2672
257
333
371
1685
823
1363
302
587
231
328
3012
243
518
635
1737
775
231
1118
506
251
2135
814
501
429
255
435
4825
1734
384
539
690
1102
962
424
337
309
180
1548
357
258
1074
757
83
364
687
328
2061
4058
639
1819
550
412
157
405
402
397
334
562
408
266
477
130
393
218
300
667
617
425
1559
732
486
456
4924
247
104
198
385
1064
360
1211
1098
930
999
975
1723
617
279
829
207
407
1020
265
826
212
170
1572
1099
2320
449
411
671
243
136
636
634
261
878
405
272
189
2581
846
696
176
164
919
749
591
295
875
1105
141
797
3645
516
305
815
408
382
467
1336
293
231
2491
654
384
368
453
738
422
220
717
657
392
634
630
1148
338
1266
530
228
1081
4130
241
1212
713
368
836
371
538
580
587
225
631
616
4544
764
373
995
1912
560
632
616
920
580
619
1488
844
358
4491
281
1285
465
1369
707
522
473
903
343
1613
628
416
352
511
3602
423
385
1469
650
715
420
173
1509
938
591
312
533
1223
951
142
2437
1798
1157
1099
546
514
1450
479
372
558
395
721
271
2977
624
558
1301
964
601
1373
319
616
541
560
314
154
851
1070
305
494
441
1216
1567
351
717
333
543
534
625
341
838
1904
70
343
759
365
319
588
980
213
967
1159
150
980
385
520
277
773
300
232
445
487
244
432
1288
688
757
879
2742
1103
182
1448
660
2338
3493
859
425
425
1305
167
367
580
635
237
1689
461
466
396
260
492
925
274
719
572
256
444
1479
186
307
2549
245
528
270
553
540
127
325
1202
616
330
542
855
380
829
242
589
1143
712
480
1040
1235
1232
512
652
354
1468
807
330
2472
638
283
621
698
261
403
730
224
1707
1935
2183
385
1178
295
389
660
405
242
436
740
335
479
958
695
109
761
577
235
607
585
144
3437
262
840
166
206
373
2077
665
742
1047
444
591
525
241
330
1112
1154
1801
323
411
243
2093
1206
475
1115
584
525
433
887
358
556
336
675
233
195
161
400
440
2185
474
2482
186
413
856
1567
1413
339
454
190
1287
609
1395
1879
1668
594
423
1509
238
897
639
285
2044
1225
315
380
289
639
725
429
372
242
1089
607
340
679
356
302
494
2346
380
459
376
846
645
233
425
1549
137
313
723
466
208
590
389
2223
1312
442
2824
183
442
2006
1834
3002
1506
867
262
178
1074
474
397
697
614
534
634
427
656
528
243
606
766
966
816
178
547
138
754
401
742
224
1133
2159
402
3544
687
995
632
986
740
511
642
154
886
555
196
576
595
908
556
131
739
1050
1007
294
755
1217
416
560
3813
377
643
619
153
790
433
796
197
1064
537
427
1618
2432
503
368
1981
125
1785
5436
1925
205
349
1150
253
518
301
142
344
146
1574
175
482
322
284
564
1387
373
803
366
516
448
782
280
1794
704
1049
603
322
1292
1210
532
777
1023
272
599
121
645
870
423
362
258
287
1146
641
1016
337
1146
167
370
1121
382
825
1166
981
675
825
589
190
3236
3522
339
1586
372
263
410
237
369
838
851
331
180
901
4979
1600
614
1490
476
581
396
463
292
868
789
1514
1323
954
441
1554
942
180
600
982
380
2797
672
565
499
387
1326
1459
718
460
1994
593
692
2768
1254
182
687
333
253
3016
1131
1027
1054
269
450
794
669
134
327
1093
340
787
431
984
200
912
448
788
697
384
666
612
145
178
1943
582
786
1824
368
3825
190
253
1867
846
627
690
227
503
165
604
775
2023
206
503
572
1231
672
846
253
1536
178
322
1679
1887
1933
219
575
529
412
172
2154
2644
862
802
604
2319
5201
328
362
663
289
515
1819
1375
966
1815
383
513
520
709
731
198
291
606
326
364
451
1525
1075
232
1524
445
436
1050
948
230
236
542
184
1453
1020
2186
1317
628
341
310
552
338
632
214
690
266
190
136
668
287
605
666
511
214
972
1730
1902
1176
512
591
384
411
1419
1512
490
558
216
1484
385
796
876
2028
1289
1627
406
306
108
585
372
2419
300
1414
474
211
215
414
337
1115
770
582
359
244
627
212
178
432
2799
662
537
1026
372
358
224
370
194
104
1133
126
272
910
196
333
567
357
1621
187
164
779
2425
291
228
4243
1127
1471
1283
147
852
134
266
295
416
2589
251
230
286
894
481
468
320
517
1709
994
383
430
150
511
760
415
534
441
750
1044
178
619
392
330
2640
236
279
646
224
590
369
155
371
569
261
204
166
549
1064
142
353
452
320
1449
1446
609
3204
139
1405
605
315
279
561
432
302
266
608
762
3106
815
148
771
886
691
380
910
407
516
1377
387
704
2082
338
965
3210
606
594
440
280
330
616
1885
270
1295
1137
210
534
364
1879
396
430
545
182
819
845
292
1040
627
543
2551
742
208
168
1847
1198
3271
197
884
1620
501
346
728
545
644
255
1663
370
360
271
213
725
494
2494
825
832
1188
420
509
223
590
731
959
1795
325
587
457
317
906
257
578
534
1700
258
779
519
623
1482
310
331
642
1066
695
1560
1151
493
1028
347
559
354
994
1477
1223
530
635
2061
1031
380
430
3789
173
658
235
1028
1536
509
273
481
512
351
502
1137
318
747
1594
297
545
303
306
402
388
958
475
669
430
803
370
1127
424
548
1106
511
289
357
395
1573
1198
1100
818
482
272
104
506
201
514
878
586
556
466
2692
743
1088
301
1993
736
322
197
485
1040
126
470
419
2529
352
2670
787
710
1992
774
269
520
335
203
890
651
1450
531
204
1357
236
316
546
721
308
408
151
1754
192
1592
381
747
4064
367
516
687
237
177
589
2874
216
492
168
232
669
2617
4891
219
1829
480
4087
374
726
450
940
3204
430
909
241
714
1111
613
836
1072
1189
1958
242
1752
1149
125
1052
335
426
735
427
1516
1814
253
367
85
690
1166
551
854
1061
378
1394
276
468
2596
543
2434
471
788
298
809
637
646
795
765
346
202
139
276
250
368
262
278
218
671
1099
209
1410
885
237
453
1893
237
638
923
1115
456
381
294
196
1163
466
246
196
587
606
254
227
385
1304
578
300
394
560
1020
275
1476
232
1413
681
243
170
265
793
504
648
202
223
168
2402
2252
173
1259
144
466
587
272
1560
809
266
550
1941
320
607
404
507
495
2106
323
1178
950
683
932
6043
1286
210
2080
1004
2791
470
333
665
1202
980
3065
545
173
488
121
349
620
119
1605
1399
235
3752
735
915
2152
544
502
252
1766
510
339
179
1137
1361
761
626
834
818
1548
1135
260
519
392
674
879
3437
438
254
253
1334
330
718
384
452
500
207
398
340
489
538
169
383
374
351
910
865
587
459
752
373
758
525
1365
1138
1218
381
281
1494
276
288
737
1056
100
1362
342
698
1272
580
684
3670
672
10162
389
311
434
508
3766
479
454
3475
241
773
508
512
1095
1424
348
1191
297
722
4207
604
1757
575
670
395
910
1614
2110
234
661
443
330
622
890
737
1889
3109
1160
2829
1199
380
690
352
1255
350
2013
155
737
684
817
486
872
1713
319
1199
628
494
793
1152
980
291
1177
285
498
478
376
281
835
296
650
234
627
430
483
194
2275
1235
905
290
729
457
825
203
544
788
397
1157
469
455
1360
747
156
316
246
886
499
581
788
237
674
509
385
353
3544
848
681
264
1452
600
602
717
236
1097
571
1331
1127
2025
356
206
889
466
391
1430
860
1099
407
1834
1929
589
805
5130
230
435
1163
478
520
350
232
749
1596
429
120
826
3160
1246
1673
629
657
214
642
544
740
1741
468
206
1149
1034
888
693
337
298
1155
347
1325
2288
293
1306
1115
812
337
1435
1339
796
323
580
171
561
304
1258
285
640
867
427
2546
1417
364
1059
208
392
87
439
2301
908
802
342
849
900
459
197
331
314
314
298
287
346
1670
6883
979
697
144
836
1715
1121
383
1485
605
990
262
887
2182
2176
944
306
977
201
242
425
2584
140
473
424
1166
2652
1232
909
185
1641
146
918
570
628
1249
751
610
351
283
1142
346
197
346
4645
644
1755
1196
901
614
1712
649
249
382
518
443
518
483
251
400
455
504
753
4323
354
1794
163
408
2373
422
858
457
8627
1294
609
418
816
1709
2513
400
174
7721
380
1888
2043
407
290
426
1452
455
341
1505
1240
1754
897
343
538
246
647
481
925
291
675
2688
451
362
766
1560
916
262
1411
839
445
299
1086
1255
2319
631
748
574
536
145
921
1870
694
1031
674
448
1394
946
480
1429
1951
357
872
676
1812
1402
888
418
1155
668
1192
342
459
236
1119
97
262
227
142
651
483
790
652
299
703
621
2028
1076
873
540
1213
1980
134
645
409
323
649
493
1004
362
2876
276
1113
882
739
389
805
1049
239
1089
1032
307
1202
352
838
407
219
295
649
175
226
9575
888
677
285
894
202
373
527
797
441
816
1321
968
704
678
1612
644
696
1578
277
428
448
937
2245
254
472
708
357
428
662
309
414
590
465
318
239
225
1597
329
708
315
1114
302
267
258
169
147
1203
301
877
954
2650
1067
869
549
186
730
273
1133
2333
697
512
507
1460
676
1407
297
576
822
348
831
1159
664
986
875
1669
951
970
692
1285
788
848
330
614
366
2145
317
535
291
553
1016
2001
708
664
356
329
484
1086
472
2072
211
243
1106
191
667
580
500
332
468
343
218
449
1819
719
2597
775
487
243
205
471
342
324
851
2423
314
431
666
747
319
262
1619
646
546
258
453
1419
1050
767
682
687
987
471
650
356
3911
349
434
1025
216
449
800
866
1434
1358
673
235
211
2132
311
306
655
724
839
536
1009
248
402
615
201
909
169
1989
329
453
735
463
159
739
2703
793
354
1276
916
963
132
408
902
255
856
613
419
1005
122
417
978
299
487
416
518
505
527
578
862
315
3019
293
1445
654
305
857
6024
298
531
1780
212
373
679
168
520
1378
908
1124
3830
261
258
1261
442
848
682
970
114
434
467
613
2639
3899
515
322
350
345
476
750
2306
384
684
355
273
1253
581
1345
2276
1475
3167
357
232
1713
410
4118
812
859
497
2609
285
833
1063
261
545
1003
155
217
361
839
556
966
972
1517
511
1421
682
779
1444
664
873
360
350
245
1200
414
284
2028
566
1878
312
1156
745
998
183
653
506
898
742
420
427
643
601
720
1988
1171
278
835
888
585
197
420
482
445
581
492
215
1224
550
439
2501
1373
223
601
1198
248
353
1186
793
169
261
611
138
477
201
570
882
335
4160
411
230
202
183
280
5875
388
1767
785
556
1903
223
464
1025
436
342
386
3147
528
482
412
928
311
170
1576
1023
240
589
1074
2444
316
1003
605
1121
989
409
650
1036
161
597
1674
862
420
2508
1060
519
276
359
2610
535
454
283
520
969
337
833
1084
250
235
753
696
521
257
191
157
495
437
380
631
272
339
311
375
543
690
804
367
485
444
825
467
202
382
299
478
663
1170
1606
727
724
862
403
648
386
260
579
450
560
329
281
489
288
980
880
843
425
649
1932
252
284
316
577
421
1652
294
356
1164
288
814
2792
125
967
314
425
1144
356
569
1674
2191
2309
263
680
1639
276
573
1613
184
387
320
356
1321
1033
1092
393
237
592
4430
2323
1035
498
254
1147
1688
342
368
503
356
1466
586
458
158
417
207
295
459
218
231
1994
946
332
812
548
1475
260
992
136
706
1406
502
148
133
769
773
1108
414
401
1546
1554
289
205
715
747
919
485
443
381
663
621
827
149
528
286
681
781
585
668
1017
371
1207
659
357
738
237
809
366
307
1239
383
263
1211
2098
267
904
320
1283
4336
434
989
1016
1451
162
337
781
606
693
349
666
688
582
4237
156
658
636
396
194
264
1482
326
724
5344
663
1377
2341
833
1087
737
1060
343
556
2373
548
551
2261
541
1625
1522
541
961
677
294
457
1257
320
637
416
222
2016
539
324
440
321
310
360
1156
458
1046
1664
1153
132
389
648
690
171
1495
6470
790
430
300
423
292
402
629
490
787
207
2003
525
213
1510
550
2671
675
304
926
790
176
763
753
189
336
778
1395
1181
500
880
456
1752
500
194
482
1208
638
355
165
1990
406
519
532
711
724
1008
1063
235
491
299
1010
4050
294
866
2651
374
467
152
3934
511
713
796
639
85
1568
758
189
413
416
1026
1265
305
676
714
724
569
1958
561
463
421
407
236
2488
727
499
354
193
624
247
360
508
2756
269
557
436
491
681
455
102
194
157
999
699
462
713
704
1422
166
415
2810
474
557
913
829
451
1425
183
434
263
676
338
951
498
306
1140
726
341
157
772
465
179
346
297
318
1206
507
966
1256
675
816
736
836
1010
799
470
348
492
643
210
1838
154
845
141
525
358
2360
2837
215
1369
713
1290
1267
391
336
578
3613
4766
728
427
597
482
321
829
660
454
751
238
558
464
340
2250
635
944
719
338
260
442
345
167
274
2161
599
941
614
934
648
490
329
495
999
2794
599
806
635
209
542
1455
276
401
1013
824
430
811
517
2033
637
1198
720
260
637
169
316
699
2248
588
171
279
284
893
357
361
2422
786
314
1654
510
1623
517
174
1681
835
1175
482
474
323
615
791
313
688
538
540
348
602
1303
515
1005
1098
4147
598
858
886
1499
309
197
1001
704
336
189
675
858
245
180
671
412
1954
534
851
2091
975
612
955
1134
777
698
2107
660
903
648
84
300
219
1891
1111
705
2037
693
397
351
1873
163
1589
582
686
1512
855
3273
1193
1085
365
745
857
729
1161
331
517
1568
252
342
1516
3315
276
392
383
437
459
7691
455
1698
262
366
1681
597
2388
3161
173
984
545
626
1551
944
203
419
1912
615
297
1588
563
286
276
2425
1490
601
365
383
1459
279
359
694
2604
565
3868
149
2646
470
302
396
1282
280
347
1681
612
833
219
539
156
2833
265
296
1039
621
307
862
606
422
268
902
776
540
1039
523
593
1156
1095
1571
704
1966
1093
3333
514
435
922
1526
2052
246
409
477
567
196
373
924
1995
430
921
186
349
344
1950
644
390
3247
1108
210
272
160
499
169
996
1035
334
395
192
373
2302
723
1533
1641
342
1043
1891
2052
4037
946
761
226
402
979
2013
395
307
623
596
355
253
990
669
515
1274
175
1334
529
387
3216
451
481
442
471
315
2651
1045
706
1109
1216
2600
242
528
573
388
1132
491
584
369
453
223
225
316
434
845
194
262
1352
464
716
843
449
488
254
156
1223
595
570
481
1457
465
310
1416
494
961
262
138
421
479
1043
483
442
1669
1428
445
1318
382
606
396
434
316
251
802
460
1519
292
331
3815
361
464
2448
2390
279
339
92
907
680
486
1252
535
1547
1535
338
3106
335
397
636
1127
1164
513
565
2242
507
1336
2006
413
1430
779
2081
168
189
156
262
930
472
748
518
419
830
1201
1847
701
1158
393
1189
1442
283
307
970
1577
7363
1225
1087
262
206
103
353
679
210
1345
247
1758
413
807
1093
1384
222
510
1011
914
361
1128
855
768
373
638
258
913
3333
1120
1108
613
837
447
493
680
1133
447
552
242
525
581
444
1385
1436
1823
270
370
391
5538
280
300
469
357
278
353
401
1345
651
267
2541
1071
2056
216
1150
4169
271
388
363
1846
1660
1292
1010
316
697
300
522
669
524
82
740
844
332
1084
467
502
417
253
536
97
312
1172
1436
4825
253
542
737
1017
673
686
491
219
177
5354
369
207
401
710
379
262
767
253
168
625
1117
546
1031
325
368
769
414
461
217
1432
590
1409
2189
2090
241
241
538
1863
423
500
428
1105
951
668
410
209
426
95
691
1659
191
702
2408
447
286
211
534
2367
392
3109
2314
597
1683
238
432
530
315
209
2063
3277
410
283
544
3210
749
1401
832
155
905
1783
833
874
247
241
455
784
262
766
488
170
820
516
426
4061
222
597
1536
366
451
251
366
427
1075
1319
1468
406
325
323
465
628
493
284
405
319
430
574
1083
212
811
514
1073
407
887
363
146
3955
2626
4205
237
2202
446
398
1109
1489
712
546
224
468
478
489
208
532
4350
465
316
391
158
208
796
321
231
826
1090
497
295
289
686
865
375
1637
993
2413
1161
1001
1108
608
1176
409
234
548
167
501
672
972
169
1586
1109
1060
533
374
132
679
2062
578
585
153
899
576
283
9319
888
352
614
870
625
636
190
2686
1340
164
1065
1225
159
417
839
1014
540
374
2508
1019
406
428
1309
434
267
1345
1002
1383
1864
687
498
339
686
760
620
755
341
557
523
797
625
538
349
1119
1751
283
749
717
445
405
363
731
1063
3187
423
191
1273
783
526
352
507
479
596
698
1151
221
630
462
1219
2487
443
296
375
936
1567
1295
751
612
227
934
493
588
500
315
225
467
332
605
918
342
617
349
596
618
2022
967
776
1133
586
713
261
800
309
493
686
435
395
977
1571
333
478
1606
475
946
411
409
2073
237
249
297
824
769
301
457
467
1674
1526
3629
1428
206
870
404
391
2415
236
385
807
563
844
292
1004
158
153
620
542
156
1165
568
523
469
560
401
940
984
540
360
476
445
248
1829
329
1074
252
3387
2105
260
713
649
1244
254
464
739
287
894
913
1494
858
981
512
1303
386
597
1289
372
297
1652
515
1694
2176
378
286
475
820
980
3467
204
246
214
302
1315
531
2118
1443
242
1406
397
205
776
376
315
373
2580
324
588
2065
382
5417
572
313
2380
905
669
276
545
280
616
332
478
1007
341
1894
208
480
995
341
1080
1778
2355
1738
645
2554
897
344
687
338
869
283
679
1161
597
244
223
711
439
2139
851
264
171
317
628
1274
334
183
563
509
646
2446
415
175
3153
2192
246
2036
344
402
620
473
125
252
1332
868
384
1308
307
204
289
1033
954
771
914
1525
256
354
784
784
173
134
1010
1290
349
651
2373
1922
1247
424
770
692
720
567
1452
269
1631
256
2446
350
362
1021
1891
209
2281
1891
733
697
592
765
1265
1062
926
2021
323
1007
535
1348
355
156
493
335
1199
516
400
244
406
927
648
581
1265
483
1953
759
599
934
981
494
811
1023
1956
252
550
399
1149
328
774
421
2027
794
1383
1631
1239
397
329
92
180
830
668
698
2202
2848
1934
1164
1329
2066
2366
8095
1126
306
824
640
917
1658
1325
317
364
632
2426
351
190
319
835
2550
689
678
237
264
85
293
580
1038
810
971
166
1124
1022
1780
784
1621
307
288
886
606
542
1277
5508
1768
1024
4378
250
593
566
278
411
296
754
311
810
252
3152
419
4318
379
218
639
500
1475
411
2150
320
1236
2030
160
267
606
458
1034
399
220
435
638
624
661
413
444
798
492
380
183
2038
401
625
636
359
1348
902
971
193
1026
708
2282
205
469
441
1010
308
204
506
414
1627
230
3595
954
846
1703
720
638
219
1329
518
451
1235
419
303
1706
1824
681
758
2690
319
1951
327
396
895
247
221
219
569
192
724
342
203
643
210
505
584
1105
847
352
412
726
719
768
222
839
826
930
729
579
231
711
3260
303
197
715
370
918
931
114
1430
2694
602
888
811
170
1578
513
2352
647
937
937
1155
1511
579
1336
238
589
840
1836
468
113
1656
758
216
1009
497
447
2069
190
753
1179
278
257
239
455
238
285
483
1872
746
898
1977
544
549
128
530
395
2290
603
1531
469
241
532
273
556
262
1089
820
284
310
250
964
303
1417
1858
259
505
974
599
479
282
477
581
770
374
1069
512
309
203
392
294
302
991
2262
291
275
270
210
1824
1020
850
100
359
421
1101
447
700
1900
793
356
198
392
234
1451
884
759
510
192
623
419
850
1162
297
863
134
972
563
189
890
1547
933
531
211
1537
862
366
2932
385
722
282
532
229
370
478
1854
631
313
340
1096
300
360
107
610
283
2184
363
224
254
186
1132
161
1162
554
403
813
1872
163
169
2522
689
338
841
518
476
1024
1860
1124
474
872
222
317
398
690
2507
812
1301
705
831
468
407
554
587
1150
661
945
1024
877
973
1476
844
744
676
1026
401
1049
304
203
230
567
960
1687
2117
486
1083
318
1985
595
1886
1126
846
90
672
3776
464
480
667
256
546
417
749
852
1303
231
372
358
845
1475
1162
2589
656
846
774
639
544
658
6183
366
1585
1335
1088
505
233
334
773
747
1621
445
569
320
440
665
487
632
240
199
156
412
752
475
679
383
1595
586
384
1268
4986
800
405
3327
1105
533
656
797
928
399
400
1193
309
1636
344
863
237
205
3169
639
975
1147
236
315
1043
867
963
279
107
511
209
479
339
414
305
1283
298
124
412
1044
882
557
952
571
671
322
588
794
779
453
1596
451
572
504
471
834
4638
506
2143
966
360
2496
1549
467
225
476
216
974
511
1388
1097
1119
843
594
507
162
220
1517
1106
157
2472
1010
813
650
425
554
1814
878
1176
697
963
484
1548
900
1028
564
250
541
447
423
857
757
369
177
699
364
153
309
1086
1472
257
802
2511
304
422
402
728
767
585
363
493
975
510
1666
295
840
446
236
383
2808
667
741
877
3071
324
901
743
573
491
1201
319
336
948
1608
405
579
101
641
476
1057
918
435
500
679
1381
286
551
813
1073
1111
1901
394
1199
1620
528
401
718
509
316
465
434
171
704
458
702
1127
339
610
667
1182
956
287
662
632
210
244
725
789
189
347
305
7540
264
344
821
907
969
335
321
199
326
341
412
339
844
249
705
825
699
971
134
1125
333
638
381
574
1384
399
304
291
809
654
263
711
340
242
830
1659
899
400
645
495
698
1152
205
586
1307
698
596
1051
527
358
947
313
939
1721
381
200
906
5294
444
4010
671
219
1933
2029
219
441
1456
3235
719
1883
221
572
169
2941
2971
750
427
603
221
544
1097
478
274
1676
2167
1068
389
301
4178
995
365
769
340
629
714
271
1216
2239
292
462
398
909
511
1673
1495
488
356
554
133
165
538
590
909
303
407
650
1425
559
1117
652
652
283
2161
553
1366
649
491
157
119
302
159
1454
412
333
1584
1787
572
775
792
700
760
175
389
1218
319
1201
462
287
1523
355
869
539
2008
250
812
1537
329
581
200
598
2410
649
485
968
578
829
708
1250
851
537
841
1362
546
235
272
1424
314
453
821
421
1103
282
429
336
352
1625
168
1578
1196
1065
3945
548
270
237
278
185
1186
650
178
1223
2445
265
493
401
396
363
916
791
1305
402
278
168
400
305
499
177
407
524
703
743
514
417
549
310
1121
742
4684
616
239
266
523
658
299
313
1159
145
1484
836
255
796
132
695
1788
747
2086
493
1361
548
376
2118
604
150
246
591
1899
3234
633
314
682
444
273
317
4410
856
624
364
928
921
1757
2988
403
262
708
617
238
1019
1388
3820
293
591
198
363
1418
130
830
2237
571
459
909
910
516
454
1276
231
641
2051
1057
319
205
386
1986
89
334
126
304
2003
502
227
311
178
552
637
331
3711
1056
1130
599
962
1143
659
639
393
1141
205
991
1021
1434
874
867
766
392
144
984
5160
1371
599
357
810
469
910
975
1108
611
297
1265
973
1047
703
447
196
217
388
106
580
209
349
2113
118
439
699
309
214
209
308
1389
2207
487
302
807
364
1353
368
244
1532
953
449
533
844
715
1190
725
374
151
537
724
987
1785
868
226
470
847
5022
583
183
460
669
2073
373
524
301
696
359
406
374
445
480
181
278
242
206
306
296
244
2538
227
804
579
215
787
653
1728
692
293
446
306
796
276
460
916
576
384
6565
536
1084
194
211
1524
615
990
671
770
245
1053
543
2242
778
464
297
696
1099
839
919
938
1121
797
689
857
915
336
1125
1471
577
2201
302
555
316
550
1072
1008
1560
433
819
225
2231
635
387
322
326
356
549
504
998
1298
239
1282
221
310
587
247
4435
581
853
745
141
697
535
474
273
1069
458
1633
183
274
489
246
688
3036
246
456
4699
678
1072
482
188
985
922
709
2595
176
2119
197
460
1018
656
562
1247
1364
444
907
944
248
86
583
500
1156
716
540
605
3783
327
1752
932
1805
140
2646
314
745
743
1099
476
742
696
1211
1209
567
1590
820
252
177
452
109
1558
317
688
818
1633
4412
654
772
948
860
340
515
347
175
221
538
1037
1050
841
429
1058
200
395
365
1775
2284
1432
303
352
382
897
1114
739
1489
518
228
1553
1147
2181
959
1121
627
504
2688
1045
627
1758
4215
1132
485
3856
1135
162
276
325
384
526
599
365
410
2821
1136
876
804
319
867
428
896
1087
1664
400
577
525
514
1127
230
792
1202
1839
618
1929
588
514
575
669
256
244
712
637
469
920
277
271
939
1308
432
425
364
415
1065
495
548
668
712
256
847
620
2162
745
1594
1798
308
5937
1141
402
503
2213
833
1736
1409
362
2897
838
879
232
731
602
1700
756
1335
402
2800
2257
432
1205
292
491
387
1034
2310
215
494
189
1140
481
1003
260
1120
383
1055
2083
674
460
217
806
165
213
361
239
624
494
167
268
1994
278
391
740
563
479
254
817
645
635
231
353
348
1014
148
538
470
688
782
2377
449
2611
267
345
778
585
647
332
373
449
363
473
426
1802
425
735
1029
638
480
432
1145
3340
2049
368
509
613
328
782
944
901
1609
838
1046
456
435
403
969
1417
1478
955
219
1024
450
350
185
976
221
354
548
855
430
539
1916
530
615
969
347
690
615
463
890
2350
1233
356
438
995
1949
975
1022
774
278
1136
303
645
481
625
405
805
457
101
1272
1622
1535
1646
328
476
708
260
222
242
139
923
3234
515
159
636
2377
167
1973
1848
538
1386
625
970
433
3411
580
389
1050
416
240
166
786
444
1118
580
1174
710
374
1616
395
146
2592
1204
1446
227
3330
191
433
429
1671
355
397
267
300
526
677
4001
734
755
397
3496
285
764
1960
518
3956
422
583
565
788
169
903
1630
1255
748
374
1082
398
1564
741
427
1411
782
309
295
355
1095
391
522
313
517
401
1264
146
919
1339
409
875
493
1701
1537
389
1275
355
1240
239
854
324
388
232
460
440
590
1237
157
1732
3520
297
1500
1422
223
524
160
484
904
865
640
287
261
482
958
65
277
1314
1335
1414
3374
1171
573
970
1239
1033
892
412
2421
136
262
292
395
639
545
1582
742
1785
573
331
1517
245
3629
263
627
1116
483
230
788
448
350
3245
596
608
641
534
557
551
334
339
590
645
2394
395
1111
570
273
539
707
989
762
239
609
595
267
208
221
1146
829
562
4281
361
590
445
152
467
2603
382
891
404
752
4865
2179
862
518
468
3330
2142
529
1112
489
967
277
584
978
1383
119
656
712
1944
293
235
378
206
622
1186
399
537
894
388
441
1509
441
387
1225
145
794
1775
300
697
382
962
2052
738
2200
967
1067
186
325
852
809
104
308
1628
456
210
1814
337
2175
262
755
588
359
871
334
510
1019
883
279
441
468
2620
240
388
1454
206
806
930
325
325
1162
856
1165
560
1447
604
2183
1438
229
312
243
346
750
603
3129
665
2787
315
912
513
512
3114
913
390
428
321
336
1307
1259
231
471
1772
230
138
158
488
433
779
265
292
212
463
1362
2440
313
445
1028
681
312
796
1454
414
622
273
236
359
331
1504
1108
1089
681
676
1795
912
449
951
353
724
524
231
1106
830
1107
1127
131
639
532
378
359
345
171
3134
1291
918
654
1437
1076
648
1114
199
989
1583
524
857
803
273
538
1544
1611
943
298
658
483
804
890
947
709
1639
757
2443
492
1379
185
1958
644
637
271
298
88
332
788
399
2578
331
2076
538
562
1483
603
823
458
886
880
343
473
607
533
213
358
561
140
1374
874
400
799
332
984
303
2336
254
1321
424
325
358
190
979
257
348
506
655
1423
568
1586
1178
702
487
385
724
824
1643
343
1252
502
239
257
744
405
1084
531
413
2118
614
1030
399
1334
190
161
408
347
181
244
363
523
339
520
801
405
253
909
1837
1639
6213
1957
165
707
143
292
1165
354
1139
331
2821
244
788
609
220
581
1791
890
235
879
790
3208
671
895
460
201
484
553
738
809
2794
3639
1476
1488
1475
780
920
1062
2141
430
548
380
317
259
1897
328
3487
327
1263
464
470
536
372
370
521
705
229
760
574
1187
416
133
702
1255
373
601
590
852
449
852
745
506
306
536
768
906
1071
1508
506
316
1233
458
194
1676
185
657
1619
226
423
521
1820
251
246
1533
2315
410
181
518
2481
935
427
704
802
3370
461
511
1105
975
127
2356
1520
22583
368
806
1255
530
339
175
557
513
383
556
206
386
938
140
428
311
360
383
442
1285
450
1084
319
560
1845
423
480
341
303
610
371
338
403
1003
746
427
452
1274
445
1045
157
176
1497
777
438
716
432
575
1190
600
571
130
1213
351
346
569
832
455
539
364
315
1768
248
1692
522
484
194
133
1244
311
1026
2433
296
598
2301
955
1395
469
617
885
616
1084
1182
161
561
812
245
496
521
183
544
235
195
184
766
1641
681
291
919
1506
291
410
492
1056
196
484
3630
302
118
1726
1385
548
344
1961
470
180
383
751
442
498
1297
940
209
373
2502
584
1264
562
179
276
776
380
335
591
3867
1461
120
385
2892
1385
1333
399
643
1013
650
721
169
582
221
1345
1055
806
325
852
725
2068
962
192
434
865
1670
469
2046
255
586
579
428
392
161
429
2647
933
165
2476
1274
169
312
1277
733
1166
1042
1720
644
516
306
681
408
690
1057
559
571
809
1228
849
372
283
1397
355
699
229
527
666
1369
978
327
336
1161
879
473
1109
860
530
303
406
1370
871
228
223
268
956
587
1185
2043
1186
240
145
135
944
1111
827
1564
777
1134
1597
1423
2132
191
521
595
221
898
2864
356
383
1651
687
401
338
247
2019
237
436
462
190
1872
474
520
398
578
532
495
336
251
645
1187
1418
454
883
1583
720
370
1318
908
852
941
431
426
265
348
674
590
251
335
438
300
146
1003
475
1293
185
288
232
756
493
750
710
533
206
1604
877
555
424
179
710
434
320
1600
1242
793
1526
353
1155
598
909
435
2018
569
565
346
309
740
452
467
1830
2588
857
1474
1112
873
689
174
2060
500
736
558
1270
462
1044
549
357
496
815
973
803
332
2128
277
545
1826
649
785
563
587
359
932
741
838
708
356
334
1256
381
326
499
859
568
371
1668
1770
831
1009
1354
176
179
592
177
336
212
356
266
276
919
529
2894
666
544
459
1136
488
383
2617
615
2440
424
883
206
1435
2003
321
1303
350
223
391
537
468
238
606
1017
516
426
645
514
156
212
584
148
376
200
981
195
1614
234
1949
336
474
250
282
322
792
743
338
400
193
732
214
1570
596
872
325
1124
276
1252
471
407
170
452
797
225
280
412
702
935
325
692
613
396
538
409
705
353
317
464
404
311
183
1303
1052
773
1719
279
807
376
754
550
1012
574
278
356
415
1383
454
119
733
1002
1353
2317
129
486
748
452
1725
393
490
823
499
2610
1398
841
1914
1198
468
383
2885
290
231
325
660
262
341
1028
262
373
860
417
827
682
936
894
305
155
434
621
123
265
162
231
432
1164
571
431
554
409
2005
1773
1723
852
2178
1111
272
1561
322
583
285
1014
301
1628
894
467
992
608
440
2628
233
6491
2824
874
2918
635
2096
515
623
401
764
572
353
475
260
3825
349
317
570
243
1763
527
3003
730
240
1214
744
707
3124
1419
200
619
961
501
729
304
2438
493
537
2341
405
1514
659
209
1307
522
354
180
1157
351
1375
1550
1042
179
647
1287
973
800
100
546
1044
324
858
212
1533
375
2217
842
205
503
170
1193
321
931
617
234
4026
1307
930
586
561
239
3670
304
656
895
256
138
700
462
1645
1241
791
296
204
882
1140
838
550
1782
644
682
516
812
629
211
670
398
1651
477
216
637
5559
481
172
690
148
681
281
588
1411
453
249
1516
1111
738
402
1222
535
245
586
225
425
177
3691
464
424
1411
892
1840
622
477
335
828
353
269
1197
594
532
380
377
1292
996
1520
258
386
944
525
363
626
718
843
315
2947
1637
217
1053
678
6458
511
309
288
643
909
307
1840
196
252
369
547
621
2430
297
477
745
1805
481
425
497
723
661
226
259
788
264
483
286
679
554
520
1810
124
2769
290
417
2554
1143
632
546
258
1162
860
997
740
430
224
1394
408
1801
165
536
889
704
850
155
628
1241
565
591
1430
602
225
696
469
513
897
228
1162
711
547
309
3670
673
950
1099
765
936
297
352
276
643
751
762
223
2374
539
396
392
441
936
297
999
240
995
1147
316
296
611
386
291
429
150
1504
261
2163
386
1966
580
1154
442
376
1045
1374
1039
2119
437
749
532
403
1086
2682
543
395
324
198
886
656
2867
493
709
531
131
438
538
195
162
1063
498
280
612
1731
1297
972
150
938
258
224
377
657
462
787
248
1338
367
1234
633
267
576
1024
275
710
322
2227
337
363
377
423
455
2796
1815
347
731
303
393
464
617
856
1556
1216
667
398
289
133
2151
291
4200
359
307
242
537
1039
175
1282
319
1472
492
543
1696
162
2418
213
667
4447
1828
615
797
2221
731
107
762
152
568
1912
238
706
586
211
269
853
756
417
211
811
1066
817
684
736
320
2076
139
365
504
169
581
3302
250
1273
521
993
743
147
794
588
157
1253
555
937
376
351
619
597
616
632
365
475
239
203
1023
447
3108
436
642
447
1142
2655
1299
455
797
1160
1557
1173
1094
367
913
340
254
492
421
770
603
370
461
1132
786
1161
846
1279
206
956
862
675
240
199
1384
446
1297
1218
807
596
591
410
359
1356
1040
1487
287
726
434
505
570
1614
1477
183
803
1551
461
378
330
803
2115
222
1737
556
475
637
1305
496
385
482
2042
287
357
505
1178
420
261
1244
555
257
1389
262
370
1521
476
858
514
727
191
187
362
843
963
323
574
590
135
1574
229
1353
246
1069
447
415
1166
1832
3034
727
782
767
3403
3851
377
604
914
1222
446
979
2605
1231
162
280
1563
1247
231
779
414
606
276
458
745
941
488
1421
297
249
550
731
333
3427
730
749
671
396
265
1097
2076
202
2853
861
2960
467
556
422
660
339
609
1176
173
250
328
854
1185
529
526
1553
840
585
488
1763
507
201
377
925
683
617
414
234
204
192
501
150
558
191
580
1152
378
496
599
612
1200
162
920
324
1204
566
618
236
136
854
812
1727
595
1358
353
662
330
1418
347
601
742
158
456
322
806
475
161
1346
603
242
919
1218
199
2151
1406
1965
298
323
1047
662
965
361
736
749
212
285
1180
151
300
288
565
219
428
681
2273
239
411
1029
343
1466
138
462
826
493
457
261
1533
913
585
2628
578
557
1553
614
496
1410
946
663
455
518
662
350
561
464
471
556
181
686
390
811
861
1433
599
202
522
275
504
487
410
908
396
293
801
784
141
692
638
207
371
548
3174
100
696
599
755
509
1712
366
1246
555
1561
784
374
252
458
1003
944
1011
4430
174
1626
719
1385
911
3174
771
397
1652
828
913
1028
817
751
2025
991
425
585
309
335
242
614
684
662
469
151
340
567
390
1993
483
1012
1491
553
284
594
2045
2118
586
907
948
1726
403
802
458
370
123
1489
835
544
515
410
198
857
683
1876
2241
1893
602
694
371
561
448
1378
683
686
505
145
1729
717
805
737
295
378
1150
189
445
1734
330
469
501
810
761
874
1401
1288
251
539
267
789
4011
727
557
1433
115
954
712
2495
1010
1137
405
250
1205
2203
246
307
239
1577
499
672
228
644
1165
533
684
527
388
923
796
339
875
864
207
731
361
226
919
367
410
523
462
1002
340
1093
493
1603
161
1721
3637
527
2274
348
1836
692
595
628
2683
479
1108
2300
788
764
3097
450
477
980
239
909
942
656
888
1414
517
268
471
1476
745
2443
463
374
195
564
674
766
516
1278
962
246
684
280
396
519
675
238
695
852
1945
304
664
1492
1683
594
275
1151
845
1412
483
230
678
822
371
910
733
1291
931
546
1534
322
449
603
883
191
473
918
686
942
186
280
3003
1306
3751
794
890
196
274
411
2178
662
330
393
355
548
844
486
810
712
197
891
354
1313
216
194
948
7765
451
197
1357
702
1284
508
244
1185
828
379
2295
7061
887
1206
298
362
141
598
3029
1599
238
184
896
245
608
822
391
700
1973
375
435
697
201
397
151
1114
588
536
227
3507
396
286
714
739
270
274
178
509
710
741
583
125
1144
749
1264
444
497
1884
1309
261
322
1019
257
233
312
351
2018
344
429
316
513
530
578
338
460
537
1180
979
523
572
760
305
197
557
1264
554
2085
847
1120
261
1232
635
489
1506
595
1611
1091
1776
493
408
823
380
1233
427
97
175
284
1074
792
921
1862
386
361
334
225
435
194
182
238
657
805
2833
458
608
395
1121
680
999
647
283
198
386
899
143
778
1044
554
583
2603
517
385
977
1515
848
221
435
387
904
766
663
163
201
530
438
132
458
238
668
258
285
1307
327
461
806
404
2091
415
878
258
463
830
973
658
304
754
3145
181
297
567
399
793
1512
495
221
910
772
491
1077
456
7615
1146
626
897
674
596
1452
518
891
1368
203
527
759
388
373
1083
876
286
447
285
954
179
711
383
717
263
1257
260
309
844
480
5191
131
1139
185
1646
1826
1143
355
747
1131
1346
929
261
419
263
230
227
3307
5186
225
590
384
421
707
627
319
2777
216
558
837
5850
1359
1854
2003
999
465
2197
420
583
573
358
317
1902
819
376
343
184
506
218
214
524
363
1095
1661
301
520
1808
951
619
873
98
615
372
510
1393
331
3940
414
666
612
1202
771
797
371
406
1305
1846
554
462
399
1360
176
207
1391
672
1423
372
583
1010
799
231
182
1495
825
290
780
610
3467
481
383
179
1474
516
1398
131
343
649
863
388
1444
153
1170
1860
658
368
297
133
1460
240
313
969
422
207
3086
564
540
2448
390
361
813
1528
3132
230
1174
573
1227
646
2044
1556
1256
738
1533
246
704
766
278
440
580
663
2942
410
520
273
1118
468
501
627
181
605
423
434
918
411
652
442
338
688
2320
648
806
482
272
1638
866
153
367
312
189
420
369
599
449
109
418
209
806
817
1311
305
683
733
434
381
735
405
494
453
3889
648
2585
275
719
629
693
660
435
555
2664
1390
444
83
196
764
3866
186
499
1217
459
723
367
1380
285
674
450
1231
775
2498
481
3096
514
720
235
1146
1069
700
1279
986
1182
278
221
1307
515
440
1635
579
400
136
399
1380
573
352
151
715
115
462
839
244
705
658
372
366
576
312
905
293
503
1860
418
914
1263
276
2869
497
411
977
518
1866
1805
410
207
1158
351
439
1024
2203
262
415
347
1032
3187
410
511
1362
459
381
365
1798
1501
220
1568
496
461
335
275
892
321
284
813
1456
845
438
231
640
255
569
294
1022
427
220
1576
489
916
629
1090
1032
374
637
207
407
735
5742
315
1002
593
206
380
301
1427
466
841
553
1406
550
416
3502
849
401
528
952
189
344
1435
726
537
466
465
402
1184
683
1312
428
261
770
1526
338
440
662
545
413
415
271
390
529
759
1054
336
1601
1334
2406
738
1469
3383
880
227
1777
531
2770
335
1391
638
347
1212
262
170
890
2035
385
491
177
631
654
1374
1402
1159
515
1795
363
5125
1422
243
317
2322
697
1009
298
187
598
3571
446
769
583
932
1342
369
646
2511
270
420
348
729
1810
487
590
453
693
3799
1174
740
511
500
329
681
438
2314
403
877
360
194
720
1475
1054
340
2044
414
288
756
704
489
1410
467
2145
388
282
1083
618
1256
647
872
250
369
618
374
747
287
553
900
1499
532
3912
598
3904
182
127
1039
371
398
627
1506
586
773
2241
328
641
437
392
462
258
1281
559
495
793
1802
1154
726
1920
819
291
632
261
2121
1214
244
574
707
512
958
110
243
3079
1719
428
444
260
1440
366
151
564
948
111
533
322
2522
202
1202
811
3068
189
2338
553
772
184
918
815
487
275
376
763
879
343
501
2624
758
283
688
304
519
2046
1312
293
647
216
364
614
4969
1632
1389
3961
228
748
462
742
1599
1188
751
806
259
2092
190
342
145
244
964
360
416
451
1275
385
610
601
2050
3140
794
115
674
395
687
1346
437
668
1362
920
1885
515
390
2680
450
731
531
546
856
1382
162
364
1668
703
352
2106
449
1724
407
1319
372
2304
524
221
452
270
160
541
282
643
976
460
236
305
1040
621
169
515
401
636
1276
189
345
266
459
971
831
2121
2703
1303
253
156
767
1156
300
1318
1581
594
452
2104
304
953
1218
164
267
596
351
2145
236
603
854
244
249
404
411
454
167
729
899
1374
842
668
1047
274
1106
166
262
1406
1122
466
628
800
1178
1251
583
267
1738
474
708
662
422
901
183
535
802
678
7891
642
545
4382
986
360
4442
393
573
265
163
1109
311
427
306
367
657
198
487
681
421
592
140
363
605
262
259
1048
325
503
250
1158
425
730
700
381
189
191
570
1309
479
1816
601
292
539
421
814
1042
481
473
1134
1195
734
325
168
268
424
784
1837
510
1612
147
723
240
1201
398
417
472
950
258
1221
5024
724
1456
465
442
1996
337
1169
211
324
298
459
229
1822
501
1509
625
2017
1524
3578
321
355
894
741
865
1372
554
327
766
406
2294
473
856
259
726
1050
107
2439
402
282
2972
322
1554
579
556
485
443
303
1611
551
306
336
2079
2093
1523
1375
234
722
1280
576
502
313
830
908
569
548
2352
524
428
396
1133
359
291
1574
3269
510
6190
695
457
1119
938
1075
368
1075
583
317
554
563
441
183
1004
264
455
388
799
483
1107
704
326
2044
451
663
645
517
143
380
318
238
1383
1814
381
768
1815
677
1204
636
354
349
1027
619
728
307
964
1213
697
441
368
464
398
654
213
568
523
391
280
497
510
301
988
397
1031
1035
512
280
820
1045
251
2308
609
512
563
243
2800
1412
3267
462
1089
508
899
914
430
813
643
216
156
302
1949
430
603
655
3694
230
231
372
307
6236
286
248
409
799
387
1503
1407
723
522
316
402
459
636
4653
1335
1200
565
3245
342
172
892
734
684
266
1115
565
983
159
646
424
974
1263
294
1846
609
317
574
1137
329
420
341
975
434
601
1174
369
440
1659
180
326
1763
231
1148
953
395
401
574
1289
1234
851
500
1541
558
734
396
1292
703
313
880
288
441
454
209
342
1154
206
356
809
300
555
800
1222
928
1024
939
329
1178
514
363
301
3706
329
1469
431
462
2569
610
1005
765
686
1104
306
1170
360
675
162
847
324
521
395
2680
159
312
372
1086
1196
169
411
11136
230
715
1088
5538
266
672
604
362
1090
311
291
475
707
506
594
5621
1599
361
1612
1322
3268
3676
371
380
1405
261
861
419
1916
353
1230
288
576
664
568
1110
782
723
144
458
1210
282
401
806
429
163
1346
1508
1481
179
396
673
392
1548
200
439
1166
1161
226
1068
740
120
408
839
6703
946
896
3150
349
655
454
1082
1912
1043
409
594
2860
177
1109
536
442
385
454
567
708
575
1554
419
411
541
140
1509
133
1718
705
316
151
461
686
1369
423
556
1806
776
343
1010
1966
556
2228
593
194
146
437
2368
1049
534
497
467
938
1367
1204
391
235
241
455
854
519
371
733
326
595
642
1850
688
289
680
633
686
1882
1745
187
865
953
2509
1272
917
306
1657
415
1463
406
1660
135
1533
902
162
923
451
884
689
2150
316
225
3087
3861
290
1606
673
462
567
1071
328
4723
330
924
393
561
506
1808
1053
974
2797
442
2337
1125
802
254
658
504
1193
1043
1459
221
637
1296
379
927
761
189
1285
451
1923
645
1094
1609
408
1336
708
2269
435
1809
468
864
320
562
684
305
962
270
217
998
2093
268
655
1164
616
280
1659
246
921
1690
801
433
319
1159
658
467
603
1670
439
836
994
313
780
198
652
594
710
517
899
894
251
528
1790
196
577
678
1122
547
2629
3278
563
915
1058
901
913
495
396
164
695
360
283
448
1056
792
648
1055
469
675
239
448
1078
322
388
1525
3111
485
486
481
727
4035
444
278
595
339
223
368
585
345
475
795
4730
554
890
1831
1094
860
274
312
190
1645
1662
1781
313
1088
611
212
419
1082
4452
420
1586
369
900
195
578
560
243
345
1019
250
1066
2515
2214
2467
1499
176
191
288
903
364
250
268
1479
969
922
694
677
415
376
920
437
474
6386
255
923
1413
771
797
1094
224
401
776
433
626
1738
198
1260
946
3154
683
555
222
1811
884
248
354
298
577
1127
1064
870
618
510
324
1168
8244
811
511
615
292
178
508
255
378
743
1203
1076
513
512
1701
354
599
259
1010
123
520
767
532
2170
141
537
1478
231
205
209
284
504
522
439
605
887
863
3576
302
714
3037
259
165
527
1763
612
665
610
193
677
823
695
1324
968
583
526
366
469
3337
2294
3203
132
505
1648
2064
798
349
602
938
922
402
334
258
179
496
1021
457
374
361
249
279
1263
579
163
1932
787
581
509
392
2643
129
99
407
420
565
5710
823
608
264
1083
1774
367
494
824
1500
2987
339
505
586
862
1774
851
308
672
211
3568
420
179
814
1090
458
444
1355
406
1622
288
723
259
681
472
302
202
2377
3084
710
332
170
293
832
1640
186
280
1037
236
555
1184
323
652
272
353
349
205
630
386
298
466
248
1500
345
5433
138
247
520
2239
1217
361
797
445
525
315
694
189
230
466
577
774
1763
451
1112
1620
141
713
1862
866
412
104
546
275
402
332
696
7324
191
486
378
969
3158
401
1294
927
248
1857
401
820
348
167
4860
286
856
775
370
289
990
901
2360
432
640
1951
622
706
1291
596
297
207
276
535
1300
1079
523
224
2176
967
4722
310
272
290
1036
1118
538
391
1546
1780
383
755
190
1731
433
1301
813
694
3003
304
652
544
396
640
1060
609
826
324
457
323
801
247
466
489
774
930
724
213
1105
172
1565
4599
627
174
2717
282
138
624
509
750
509
499
439
322
256
455
1557
556
2021
429
642
1487
148
156
98
1889
303
892
379
361
1135
418
481
710
258
586
122
1432
438
136
360
472
145
4310
389
615
518
5922
796
1239
443
567
484
571
1072
635
88
1473
320
300
429
1976
1553
178
785
1280
757
553
1655
726
567
356
382
363
1024
675
7788
210
553
676
1065
459
1115
1417
4607
907
1646
409
631
710
102
563
410
569
1667
328
303
489
255
293
698
384
730
359
2206
1290
3368
676
450
401
564
2145
357
600
534
855
283
1014
452
394
1628
661
955
1456
1390
327
400
340
550
457
476
2573
2492
2610
522
450
638
1668
376
204
393
365
804
264
227
545
607
1008
804
2005
230
276
209
836
240
1199
862
2293
1203
1628
864
392
648
209
459
1018
291
222
663
390
792
386
613
859
145
240
305
324
458
810
575
290
1110
1395
469
798
297
539
1216
725
951
536
368
1344
519
279
996
3733
1582
207
499
216
181
1321
706
373
478
670
204
398
1507
330
295
205
866
488
1474
824
148
236
385
1662
267
1085
422
468
492
446
400
870
1609
294
922
1545
351
474
881
844
1217
667
1707
390
849
449
2196
2304
431
231
993
759
358
963
327
3459
1054
322
1722
165
506
2133
330
509
870
192
1717
1385
585
1067
2192
1546
398
1057
1585
165
325
279
100
5544
4216
667
808
206
132
892
960
200
298
116
293
841
295
1116
879
1298
248
755
489
3041
162
1022
1026
2184
1341
1225
759
610
267
223
230
850
638
2243
764
344
1712
1148
1182
530
800
301
429
248
268
807
846
366
1255
1227
710
806
696
2118
251
840
387
757
265
928
630
365
1822
1244
820
502
171
225
446
161
175
995
209
1733
509
989
856
547
409
550
545
594
233
693
943
1739
491
244
3657
565
903
1019
421
1082
942
1394
1312
654
207
1258
909
577
2540
423
407
729
204
2361
660
1456
738
136
907
1394
348
601
775
399
561
420
652
193
163
314
504
676
465
229
1504
1135
579
707
2155
307
170
485
1481
512
669
417
478
846
264
1804
331
323
775
512
391
438
466
624
133
521
333
1075
891
266
506
962
2741
1254
968
1357
276
1622
1687
477
612
2307
194
354
335
884
180
371
333
3254
515
443
4101
1400
1163
343
177
292
1102
702
1089
748
2458
479
251
366
2658
706
317
679
711
573
358
684
652
499
438
365
1014
308
2053
355
742
374
134
759
2490
562
867
477
314
313
536
784
387
529
444
1292
1117
581
361
1831
799
354
258
342
754
490
548
393
696
1294
269
579
233
856
513
170
544
234
1725
1848
467
288
233
189
286
340
1082
1064
772
773
324
344
1782
265
271
453
595
354
206
135
707
374
2153
398
925
263
893
797
381
541
3064
258
537
917
703
2128
495
178
950
331
181
622
285
285
487
359
782
405
490
815
265
3304
372
221
1095
241
241
441
659
306
809
161
282
1071
334
1068
954
1704
1163
284
884
353
378
1544
815
752
678
519
661
1673
1320
451
789
339
650
642
1498
754
423
589
234
1176
3431
628
435
467
104
466
272
981
925
1566
354
797
933
648
862
1429
461
817
1635
592
261
689
2832
909
215
3501
1701
263
481
510
1254
346
365
341
565
251
298
817
271
602
2392
241
241
311
573
1017
532
1336
704
233
116
1273
666
1280
259
779
174
175
430
1927
562
903
1238
455
1342
444
1112
1228
702
1230
1668
622
481
571
609
526
744
349
632
1094
541
846
130
486
928
3920
423
305
318
138
584
1068
1155
470
1614
742
697
794
441
462
544
749
1338
352
1171
530
1483
1262
754
454
903
296
479
3152
1006
964
275
227
774
531
1156
1190
682
282
407
2946
141
141
530
3186
3601
738
536
662
1708
460
842
294
578
553
1361
623
489
249
764
363
538
266
490
491
82
492
755
140
512
2978
320
468
2213
809
1239
966
4673
257
280
585
533
1387
198
728
395
972
2549
1549
2118
695
2307
912
427
388
1158
619
825
3205
415
261
658
172
514
840
893
382
160
567
902
1792
232
1831
339
1512
983
1318
1390
218
174
1264
1876
396
182
540
950
1175
415
393
838
1003
457
559
203
1152
335
655
656
428
472
1323
504
714
145
633
352
448
269
1799
434
342
801
403
1598
132
567
1794
455
1527
292
645
329
526
872
777
343
507
1746
222
2155
2902
333
363
467
597
287
3614
1368
209
436
600
247
441
1282
472
251
674
629
1550
697
1031
1859
1020
3186
208
438
889
461
781
233
338
1005
182
1755
401
445
148
559
1337
620
530
1295
2110
266
734
177
951
2188
623
539
232
188
614
275
349
1960
325
392
541
1938
547
761
431
317
272
329
450
199
537
639
669
465
1192
3537
346
698
616
376
575
497
277
488
154
791
787
790
2529
747
161
914
797
863
746
1643
1169
2057
703
786
682
219
1016
508
291
737
175
408
332
450
969
404
3038
2832
883
352
535
577
1039
1220
386
963
555
3552
2009
1029
136
1757
485
420
536
500
1741
337
401
3494
959
453
896
661
513
291
187
671
358
494
662
2404
413
1070
4158
961
817
1009
690
186
524
337
556
231
1441
243
113
1816
538
263
615
497
753
2215
511
1101
341
290
1013
609
677
2916
378
355
1332
1272
388
351
872
735
588
1246
380
320
3051
179
490
300
1100
91
944
602
1943
1113
910
516
964
238
806
429
643
1002
1252
716
1661
310
588
268
229
1305
1351
126
730
275
265
1248
534
340
208
389
503
240
239
1872
376
1178
1580
428
708
291
315
589
2041
1051
2173
169
714
1505
2827
394
367
1151
638
541
646
2370
424
472
2607
371
2530
1235
2760
1406
921
149
836
2080
475
1190
994
2245
1052
258
560
351
521
226
1030
5139
269
438
408
187
318
1871
303
764
516
745
525
486
500
295
2136
1332
2070
1429
360
616
423
1148
567
2354
307
1021
961
179
547
748
3207
639
476
175
1490
538
652
518
748
259
251
413
1182
720
3253
580
924
770
1132
211
337
638
381
237
664
1282
217
411
622
481
358
992
227
1193
296
916
240
2936
1258
295
2725
797
282
361
1322
970
454
964
390
363
1741
745
3511
443
508
1296
222
722
1402
424
1012
744
1857
1356
592
477
396
304
863
636
224
520
289
391
282
719
270
817
853
602
277
901
787
521
189
364
293
891
298
1292
449
1135
509
399
425
1092
363
261
427
1092
1211
695
3738
3980
2759
513
883
1704
800
1417
593
753
273
286
729
2770
739
671
333
804
517
365
147
619
222
1126
582
812
326
381
561
622
616
360
498
492
650
684
1007
363
147
688
1610
262
1132
1471
1296
1675
782
3930
287
838
647
938
3436
1740
785
372
1116
443
454
503
508
487
6295
2905
724
274
564
571
577
689
544
484
2957
619
215
641
881
783
341
1431
441
831
1905
562
883
463
1421
626
1862
874
272
630
1008
522
974
721
921
429
331
616
1969
318
1128
921
2138
1087
2070
594
262
391
305
692
330
683
554
1916
468
860
854
942
265
4207
1375
268
556
380
685
290
882
1598
467
246
295
368
318
288
481
1582
568
812
1349
1629
1256
274
494
1453
335
365
426
700
1057
317
771
190
1803
265
548
303
4039
806
257
153
1817
253
3125
1436
301
836
1129
620
704
881
1393
326
851
338
801
813
296
389
1131
394
895
264
527
664
820
264
1272
246
429
1096
982
289
306
1021
681
612
346
309
271
269
268
813
528
1146
636
1142
266
712
381
647
1121
2259
1744
269
298
301
696
242
508
1074
169
206
412
1317
1366
1579
376
3868
429
621
1456
1351
385
2720
227
807
457
590
1854
612
1382
1015
471
948
400
3313
3298
532
169
1073
1217
263
243
650
234
358
551
270
2128
1886
98
297
109
387
2642
897
2376
255
786
373
651
464
955
184
110
837
632
678
2176
744
421
409
1116
491
278
366
322
684
449
1161
490
1983
381
427
780
549
483
332
491
2734
929
1735
1638
358
1430
225
2356
635
405
818
1159
970
744
546
1838
556
333
828
261
2618
355
669
423
369
859
4168
1358
173
317
238
1028
521
1178
525
4188
480
894
1055
526
565
977
1361
407
259
726
1114
1977
351
194
137
500
527
558
207
344
334
622
507
2220
426
333
1364
939
1192
400
766
894
1257
756
1410
368
1896
353
430
6389
732
410
735
146
986
547
1616
2568
138
315
171
532
737
1454
433
268
647
611
365
619
1143
1068
1579
332
1215
180
1036
1169
1033
1030
2416
279
2089
367
370
517
148
380
909
385
720
1708
651
1301
723
1010
3172
236
1540
301
336
525
335
952
406
481
260
385
625
4099
1142
1080
2297
507
159
771
2145
1939
2061
398
655
264
470
1058
2125
655
256
652
2418
366
269
737
662
428
209
517
925
876
599
818
792
641
442
648
792
621
211
969
525
733
3712
314
489
2958
959
2098
746
6372
900
288
418
646
2334
740
379
1440
452
1465
844
236
3912
620
278
402
956
848
377
232
293
1099
1198
1494
475
832
1112
1379
198
452
85
803
269
520
4234
1240
942
1007
377
166
434
509
215
1077
1206
425
380
772
500
164
437
1202
366
846
324
510
794
287
899
1066
206
194
988
221
272
952
311
447
309
543
526
884
288
812
559
490
414
230
532
750
800
574
522
1279
234
249
280
813
856
4989
895
1291
9492
1028
205
907
1822
1242
608
414
635
350
413
1913
1413
1070
4336
1180
1258
872
1535
288
796
799
633
818
618
2398
595
379
3576
637
519
5998
940
1460
1116
444
613
2148
906
1116
392
131
474
564
1307
620
165
609
920
596
1118
171
785
2236
618
498
1256
653
358
486
457
2314
525
467
197
271
568
1771
214
539
201
807
460
154
212
587
2421
940
223
1440
229
792
738
316
902
392
294
647
4848
937
544
476
595
421
424
1150
89
351
686
2519
1344
259
710
973
1835
567
263
838
1651
402
1244
537
349
267
865
327
700
196
267
547
5971
382
353
1899
271
321
248
493
317
552
451
572
230
1730
1215
436
1198
363
4561
107
1251
410
495
212
283
213
2095
1929
179
356
891
657
296
227
1474
2626
482
783
479
302
355
559
598
798
525
468
293
1625
446
1191
290
620
622
124
437
470
480
283
480
513
967
246
540
3432
215
2471
3481
1216
1317
397
1025
2057
3436
390
876
360
1547
639
664
296
348
542
409
939
816
424
256
1889
1708
489
1270
1076
266
236
315
321
1564
1165
349
251
720
211
204
667
887
268
2212
903
171
1227
1979
640
496
1217
188
394
2482
381
1422
284
442
2973
753
2085
1019
145
808
2036
321
1111
412
219
584
220
1119
912
342
1445
1865
195
990
413
1151
401
870
714
594
155
482
646
427
1160
785
312
438
84
656
801
720
690
883
745
342
173
995
791
984
1757
2481
246
179
1263
798
1426
991
560
398
375
534
1305
419
704
157
420
535
583
813
512
1415
904
629
660
968
996
822
900
416
348
5323
1627
251
744
480
518
598
920
615
3678
1010
1289
335
396
505
1231
327
455
470
545
529
409
582
574
518
246
1910
262
447
939
924
557
337
402
363
660
1940
1703
175
528
676
313
1685
723
1008
1598
954
215
684
378
1331
1495
483
1195
1300
1400
356
979
1160
3646
1103
2157
1046
157
356
201
352
4710
381
1763
478
697
383
568
285
2026
565
1753
875
620
746
916
559
2365
1137
892
1112
215
125
450
263
528
572
812
227
974
450
509
601
133
1241
221
391
248
1167
507
1007
1391
579
1239
810
810
378
615
220
485
1596
191
517
1464
210
2707
597
1618
498
708
270
460
777
276
1473
2331
912
844
848
1749
654
462
281
634
1557
334
1225
948
1764
673
422
5402
1043
1064
637
370
1073
485
561
222
123
436
329
775
355
515
390
2232
146
504
442
766
1039
694
1094
1745
783
2059
798
194
287
1206
1914
1035
205
1333
899
538
428
874
529
463
6159
846
583
682
1103
1320
346
527
2038
353
648
1540
619
754
767
340
552
1696
1092
754
492
900
421
337
365
645
307
828
109
562
450
731
1124
548
1041
335
1662
7017
324
923
420
558
360
538
1803
562
382
628
463
244
460
1206
356
275
142
408
1041
619
687
786
558
281
590
583
1021
197
436
1192
503
315
518
1058
1022
1303
879
745
247
323
800
154
331
1002
1463
402
4148
879
2619
174
1124
305
1957
857
343
449
2383
426
142
390
131
648
478
2196
1819
586
408
952
366
641
620
122
863
3055
902
462
172
533
553
598
632
569
1332
1064
324
227
204
402
1271
794
1093
619
1127
315
879
886
1026
249
801
1137
240
900
328
628
526
1055
1315
569
73
176
225
1139
256
210
371
502
670
397
655
641
660
553
313
770
375
1840
982
1356
4249
637
402
570
281
490
1173
834
643
729
1685
342
405
373
331
930
1279
299
393
185
624
330
1180
1112
325
3232
2093
266
200
811
358
187
4159
588
822
217
1488
736
1473
114
480
984
550
121
638
134
664
178
179
914
492
1067
809
2125
804
219
285
654
2585
1157
645
922
1041
4045
1900
437
911
628
306
285
400
850
361
1839
1215
661
1452
1174
2012
228
486
258
640
542
2180
594
651
820
277
264
765
659
926
730
826
700
778
770
249
430
156
610
304
168
826
795
405
425
403
750
3692
819
244
2164
271
278
292
519
190
302
820
278
2033
155
653
121
1355
250
1429
1322
1084
842
4386
363
565
158
197
1521
838
195
1913
219
598
332
85
219
1637
432
1442
409
731
672
194
130
1973
152
193
329
373
600
256
1817
144
864
456
626
1415
2234
1113
250
440
155
221
546
1245
204
410
395
1702
1872
1070
889
1042
568
2116
178
239
2951
666
333
1253
4213
821
1441
1139
229
984
468
1299
242
557
370
972
476
213
810
1149
1089
3585
856
1168
942
737
438
623
1263
498
276
1207
1065
331
2498
418
143
607
172
1665
1201
126
337
923
757
945
441
2747
409
434
761
2312
447
391
927
619
1118
1382
299
2970
1678
547
1667
519
254
254
283
341
882
1127
375
278
316
483
349
481
449
3457
351
103
383
397
418
1298
307
561
372
501
1076
384
2844
449
1296
559
281
487
1264
1054
505
495
273
454
1821
312
684
218
704
1034
235
191
1390
618
798
788
378
1371
1403
810
2501
2965
470
688
176
356
505
336
356
630
1750
151
352
893
236
193
701
1058
990
332
473
371
297
1016
590
705
477
744
691
1031
970
286
966
649
1150
638
257
799
427
1594
2894
1042
843
629
4312
638
449
1081
777
3786
1032
521
1865
742
790
497
4668
225
1296
742
2640
1103
1490
1147
1204
407
153
486
1685
641
717
232
918
109
739
346
253
770
2965
493
217
574
559
1352
582
935
476
880
582
486
7095
553
304
278
232
201
560
2608
391
1452
338
230
1564
1880
1073
2627
604
297
434
685
1777
477
316
499
520
297
878
637
2434
4356
248
344
544
156
378
1180
2127
1476
573
1728
1033
807
1739
348
803
260
305
3599
729
110
308
309
351
381
707
639
881
579
518
411
664
613
282
215
704
4330
681
450
923
379
541
1159
353
102
606
597
560
791
1628
857
743
140
1328
559
2259
302
3147
658
274
668
324
1968
491
907
543
539
474
510
891
648
198
452
590
488
1089
393
327
302
250
332
568
287
830
359
943
615
1009
138
3123
559
422
1058
685
459
1499
479
393
2029
484
172
606
719
855
674
575
3888
910
983
142
1369
343
1267
306
1423
2100
324
619
897
284
1641
5011
771
2164
488
917
751
246
268
966
1435
918
240
474
2360
263
890
373
1833
528
563
1010
254
690
595
258
615
320
433
1751
1347
1222
702
393
335
1388
1295
1177
1259
4122
1276
144
183
246
1495
284
811
910
287
1024
837
358
898
390
1371
182
163
443
532
464
1701
1688
184
302
898
702
336
452
893
996
294
529
1735
277
1194
1238
245
1004
922
261
497
442
937
2247
183
819
822
1315
768
3679
1276
1234
387
428
490
478
316
333
291
488
769
643
186
788
611
3695
492
386
512
1163
1052
793
236
504
342
738
343
1061
180
1280
516
322
855
787
136
385
236
302
2535
397
152
2181
458
2514
1563
532
3252
1189
556
1190
788
988
394
2408
4484
266
430
335
1008
580
154
319
232
1643
1557
193
564
419
486
2807
1008
260
215
2721
389
1950
474
378
219
1811
341
1368
1360
349
939
687
710
547
1345
374
1166
203
573
181
290
5452
2793
547
245
651
329
633
909
497
1953
199
320
316
1767
562
124
1645
241
778
554
227
540
342
311
1061
1278
1063
573
261
1473
579
989
434
768
934
176
785
692
1217
1580
522
381
362
334
4250
115
2851
782
805
2162
455
1189
330
1136
166
339
281
448
165
1263
375
475
245
606
639
425
293
1147
515
1263
947
668
370
213
760
311
1708
402
979
1095
1276
429
232
386
524
2326
1113
404
93
621
1175
656
883
281
135
420
1749
674
597
938
212
549
538
565
1546
154
3951
504
266
296
1515
2016
1020
1798
737
846
898
603
1997
197
451
541
355
1008
539
241
287
1520
782
1109
391
481
205
114
508
255
942
932
257
826
368
501
678
1036
493
82
522
1415
937
875
991
1142
1021
453
448
2217
725
2108
435
668
1334
839
515
941
131
467
286
1749
708
909
1246
190
544
816
993
752
478
1683
653
400
337
278
798
1040
884
175
339
232
777
854
322
89
254
156
288
583
571
207
351
706
348
353
333
390
1539
536
385
1648
228
3181
543
252
310
693
515
1861
361
962
304
1015
227
840
409
274
605
855
1178
1147
263
1540
2687
398
237
622
594
916
1159
1601
403
1362
2467
286
2176
3037
758
642
464
1115
399
1139
1013
1333
604
375
719
186
414
1574
697
845
871
524
1369
950
2388
628
194
1000
1197
1638
1299
1219
325
451
501
557
714
152
372
245
347
1005
2023
128
259
378
471
407
1083
359
438
396
450
116
202
1670
814
1039
556
373
855
237
661
975
1892
1745
971
840
717
690
941
450
1009
767
161
3531
1006
555
1711
563
475
268
2240
871
826
749
918
291
343
619
893
448
220
807
940
449
254
539
402
4894
258
640
496
1435
1037
187
309
709
1012
2371
841
1296
432
1015
326
1113
675
396
621
446
510
191
869
508
1478
692
2407
604
348
357
2681
2013
544
592
2925
199
1046
1021
425
343
999
2653
615
716
2230
859
497
529
561
206
1386
594
458
1193
398
866
1249
228
342
339
719
320
1194
1100
802
1275
497
526
457
420
645
325
1273
448
282
640
636
1384
292
1237
846
680
509
2105
1815
415
349
414
1625
1066
512
1022
116
144
261
258
1946
131
142
144
1153
642
481
146
303
642
928
2959
458
2006
185
376
691
305
810
1028
372
3817
187
391
532
246
1126
1168
622
1320
720
348
596
2448
343
328
6042
764
603
763
396
417
9278
1147
557
1378
617
486
198
239
606
365
353
910
608
353
911
1615
1310
402
988
224
394
502
825
753
419
890
1169
765
1103
942
1386
228
2111
993
251
1165
788
1307
388
2052
532
439
694
1369
665
1910
340
945
250
388
367
304
442
280
359
307
566
2283
1338
1530
496
654
598
489
426
437
786
1135
166
2596
624
352
968
468
824
797
628
566
1029
467
482
2164
528
1399
1759
757
984
743
217
1062
135
1279
241
256
311
172
966
408
148
872
413
480
280
311
1190
562
288
1267
460
639
1274
488
1109
761
451
355
382
934
557
289
115
556
257
482
2371
376
1259
373
999
3453
662
489
384
382
367
704
1091
2471
2143
281
1010
1597
581
3125
3035
944
519
697
540
468
1202
575
380
410
632
252
165
622
376
4142
3409
429
1106
1107
1123
1669
3376
3326
1368
456
661
583
524
1657
313
553
358
897
605
418
802
2769
406
1055
121
372
577
640
1141
1785
903
210
464
694
972
625
1598
793
1036
566
581
745
119
714
550
313
1532
239
934
207
320
310
866
2513
911
2909
754
796
1045
559
518
809
771
1235
566
1563
244
1216
988
869
621
436
827
754
1125
859
956
217
567
401
228
744
3060
530
344
339
439
318
860
745
439
503
5301
420
348
1221
338
1024
430
266
1597
1857
1081
912
141
228
3290
3869
244
622
197
560
760
400
1129
731
429
290
407
933
1536
524
127
901
508
1316
802
528
762
337
629
268
896
348
272
454
714
2123
1284
251
1447
238
1027
852
634
305
2758
553
1380
232
526
1227
1648
1528
1373
327
1011
1481
371
775
358
260
498
354
373
164
526
1229
218
463
885
660
434
189
154
385
527
440
1994
301
452
478
1970
1626
1225
179
435
679
770
1428
454
528
384
836
455
168
1028
152
348
331
1283
743
834
1270
680
3199
4621
341
281
